"STATION","DATE","LATITUDE","LONGITUDE","ELEVATION","NAME","TEMP","TEMP_ATTRIBUTES","DEWP","DEWP_ATTRIBUTES","SLP","SLP_ATTRIBUTES","STP","STP_ATTRIBUTES","VISIB","VISIB_ATTRIBUTES","WDSP","WDSP_ATTRIBUTES","MXSPD","GUST","MAX","MAX_ATTRIBUTES","MIN","MIN_ATTRIBUTES","PRCP","PRCP_ATTRIBUTES","SNDP","FRSHTT"
"08449013025","2025-01-01","36.65","-6.35","25.6","ROTA NAS, SP","  50.3","24","  42.5","24","9999.9"," 0","999.9"," 0","  6.2","24","  5.3","24","  8.9","999.9","  62.6","*","  41.0","*"," 0.00","I","999.9","000000"
"08449013025","2025-01-02","36.65","-6.35","25.6","ROTA NAS, SP","  49.5","24","  42.4","24","9999.9"," 0","999.9"," 0","  6.2","24","  4.4","24","  6.0","999.9","  62.6","*","  41.0","*"," 0.00","I","999.9","000000"
"08449013025","2025-01-03","36.65","-6.35","25.6","ROTA NAS, SP","  49.4","24","  43.8","24","9999.9"," 0","999.9"," 0","  6.2","24","  3.4","24","  7.0"," 14.0","  62.6","*","  41.0","*"," 0.00","I","999.9","000000"
"08449013025","2025-01-04","36.65","-6.35","25.6","ROTA NAS, SP","  53.7","24","  50.4","24","9999.9"," 0","999.9"," 0","  6.0","24","  4.3","24","  7.0","999.9","  62.6","*","  44.6","*"," 0.00","I","999.9","000000"
"08449013025","2025-01-05","36.65","-6.35","25.6","ROTA NAS, SP","  59.5","24","  55.8","24","9999.9"," 0","999.9"," 0","  5.1","24","  9.8","24"," 17.1"," 27.0","  64.4","*","  55.4","*","99.99"," ","999.9","010000"
"08449013025","2025-01-06","36.65","-6.35","25.6","ROTA NAS, SP","  58.4","24","  52.2","24","9999.9"," 0","999.9"," 0","  6.0","24","  8.0","24"," 20.0"," 36.9","  62.6","*","  51.8","*","99.99"," ","999.9","010000"
"08449013025","2025-01-07","36.65","-6.35","25.6","ROTA NAS, SP","  51.7","24","  46.3","24","9999.9"," 0","999.9"," 0","  6.2","24","  3.3","24","  6.0","999.9","  60.8","*","  42.8","*"," 0.00","I","999.9","000000"
"08449013025","2025-01-08","36.65","-6.35","25.6","ROTA NAS, SP","  54.5","24","  49.9","24","9999.9"," 0","999.9"," 0","  6.2","24","  6.1","24"," 13.0","999.9","  64.4","*","  42.8","*"," 0.00","I","999.9","000000"
"08449013025","2025-01-09","36.65","-6.35","25.6","ROTA NAS, SP","  60.4","24","  58.4","24","9999.9"," 0","999.9"," 0","  4.5","24","  5.6","24"," 15.0","999.9","  66.2","*","  51.8","*","99.99"," ","999.9","110000"
"08449013025","2025-01-10","36.65","-6.35","25.6","ROTA NAS, SP","  50.9","24","  50.8","24","9999.9"," 0","999.9"," 0","  0.6","24","  3.7","24","  8.0","999.9","  55.4","*","  46.4","*"," 0.00","I","999.9","100000"
"08449013025","2025-01-11","36.65","-6.35","25.6","ROTA NAS, SP","  56.4","24","  55.9","24","9999.9"," 0","999.9"," 0","  2.2","24","  2.9","24","  8.0","999.9","  62.6","*","  51.8","*"," 0.00","I","999.9","100000"
"08449013025","2025-01-12","36.65","-6.35","25.6","ROTA NAS, SP","  55.5","24","  51.4","24","9999.9"," 0","999.9"," 0","  3.9","24","  7.2","24"," 15.0"," 24.1","  66.2","*","  48.2","*"," 0.00","I","999.9","100000"
"08449013025","2025-01-13","36.65","-6.35","25.6","ROTA NAS, SP","  50.6","24","  42.0","24","9999.9"," 0","999.9"," 0","  6.2","24","  6.8","24","  9.9","999.9","  60.8","*","  42.8","*"," 0.00","I","999.9","000000"
"08449013025","2025-01-14","36.65","-6.35","25.6","ROTA NAS, SP","  47.8","24","  40.2","24","9999.9"," 0","999.9"," 0","  6.2","24","  5.9","24","  8.9"," 19.0","  59.0","*","  39.2","*"," 0.00","I","999.9","000000"
"08449013025","2025-01-15","36.65","-6.35","25.6","ROTA NAS, SP","  46.0","24","  36.1","24","9999.9"," 0","999.9"," 0","  6.2","24","  6.1","24","  9.9"," 15.9","  59.0","*","  35.6","*"," 0.00","I","999.9","000000"
"08449013025","2025-01-16","36.65","-6.35","25.6","ROTA NAS, SP","  44.6","24","  36.6","24","9999.9"," 0","999.9"," 0","  6.2","24","  3.4","24","  8.0"," 14.0","  55.4","*","  33.8","*"," 0.00","I","999.9","000000"
"08449013025","2025-01-17","36.65","-6.35","25.6","ROTA NAS, SP","  49.7","24","  42.1","24","9999.9"," 0","999.9"," 0","  6.2","24","  5.7","24"," 12.0","999.9","  60.8","*","  41.0","*"," 0.00","I","999.9","000000"
"08449013025","2025-01-18","36.65","-6.35","25.6","ROTA NAS, SP","  48.4","24","  40.8","24","9999.9"," 0","999.9"," 0","  6.2","24","  4.1","24","  7.0","999.9","  60.8","*","  39.2","*"," 0.00","I","999.9","000000"
"08449013025","2025-01-19","36.65","-6.35","25.6","ROTA NAS, SP","  50.7","24","  45.8","24","9999.9"," 0","999.9"," 0","  6.2","24","  4.9","24","  8.0","999.9","  60.8","*","  39.2","*"," 0.00","I","999.9","000000"
"08449013025","2025-01-20","36.65","-6.35","25.6","ROTA NAS, SP","  57.7","24","  54.5","24","9999.9"," 0","999.9"," 0","  5.1","24"," 12.3","24"," 19.0"," 25.1","  60.8","*","  55.4","*","99.99"," ","999.9","010000"
"08449013025","2025-01-21","36.65","-6.35","25.6","ROTA NAS, SP","  62.1","24","  56.0","24","9999.9"," 0","999.9"," 0","  5.4","24"," 10.1","24"," 15.9"," 24.1","  66.2","*","  59.0","*","99.99"," ","999.9","010000"
"08449013025","2025-01-22","36.65","-6.35","25.6","ROTA NAS, SP","  63.1","19","  58.4","19","9999.9"," 0","999.9"," 0","  5.5","19"," 12.5","19"," 15.9"," 24.1","  64.4","*","  60.8","*"," 0.00","I","999.9","000000"
"08449013025","2025-01-23","36.65","-6.35","25.6","ROTA NAS, SP","  61.3","23","  59.2","23","9999.9"," 0","999.9"," 0","  5.1","23","  7.0","23"," 12.0","999.9","  66.2","*","  53.6","*","99.99"," ","999.9","110000"
"08449013025","2025-01-24","36.65","-6.35","25.6","ROTA NAS, SP","  57.9","24","  56.1","24","9999.9"," 0","999.9"," 0","  3.2","24","  3.5","24","  6.0","999.9","  64.4","*","  51.8","*"," 0.00","I","999.9","100000"
"08449013025","2025-01-25","36.65","-6.35","25.6","ROTA NAS, SP","  59.4","24","  55.8","24","9999.9"," 0","999.9"," 0","  5.5","24","  6.8","24"," 14.0","999.9","  62.6","*","  50.0","*","99.99"," ","999.9","010000"
"08449013025","2025-01-26","36.65","-6.35","25.6","ROTA NAS, SP","  60.7","24","  59.3","24","9999.9"," 0","999.9"," 0","  3.7","24","  9.9","24"," 15.9"," 25.1","  64.4","*","  50.0","*","99.99"," ","999.9","110000"
"08449013025","2025-01-27","36.65","-6.35","25.6","ROTA NAS, SP","  63.2","24","  60.5","24","9999.9"," 0","999.9"," 0","  4.2","24"," 16.9","24"," 24.1"," 35.0","  66.2","*","  60.8","*","99.99"," ","999.9","010000"
"08449013025","2025-01-28","36.65","-6.35","25.6","ROTA NAS, SP","  58.1","24","  49.0","24","9999.9"," 0","999.9"," 0","  6.1","24","  9.5","24"," 21.0"," 32.1","  60.8","*","  50.0","*","99.99"," ","999.9","010000"
"08449013025","2025-01-29","36.65","-6.35","25.6","ROTA NAS, SP","  55.5","24","  49.6","24","9999.9"," 0","999.9"," 0","  5.9","24","  9.3","24"," 21.0"," 31.1","  60.8","*","  48.2","*","99.99"," ","999.9","010000"
"08449013025","2025-01-30","36.65","-6.35","25.6","ROTA NAS, SP","  55.2","24","  44.0","24","9999.9"," 0","999.9"," 0","  6.2","24"," 10.6","24"," 18.1"," 24.1","  60.8","*","  51.8","*"," 0.00","I","999.9","000000"
"08449013025","2025-01-31","36.65","-6.35","25.6","ROTA NAS, SP","  49.9","24","  40.3","24","9999.9"," 0","999.9"," 0","  6.2","24","  7.9","24"," 13.0","999.9","  59.0","*","  42.8","*"," 0.00","I","999.9","000000"
"08449013025","2025-02-01","36.65","-6.35","25.6","ROTA NAS, SP","  49.4","24","  43.8","24","9999.9"," 0","999.9"," 0","  6.2","24","  5.1","24","  9.9","999.9","  59.0","*","  39.2","*"," 0.00","I","999.9","000000"
"08449013025","2025-02-02","36.65","-6.35","25.6","ROTA NAS, SP","  54.5","24","  51.3","24","9999.9"," 0","999.9"," 0","  4.8","24","  3.7","24","  8.0","999.9","  60.8","*","  46.4","*","99.99"," ","999.9","110000"
"08449013025","2025-02-03","36.65","-6.35","25.6","ROTA NAS, SP","  52.6","24","  47.2","24","9999.9"," 0","999.9"," 0","  6.2","24","  5.6","24","  9.9"," 17.1","  57.2","*","  46.4","*","99.99"," ","999.9","010000"
"08449013025","2025-02-04","36.65","-6.35","25.6","ROTA NAS, SP","  51.0","24","  45.1","24","9999.9"," 0","999.9"," 0","  6.2","24","  3.5","24","  7.0","999.9","  62.6","*","  42.8","*"," 0.00","I","999.9","000000"
"08449013025","2025-02-05","36.65","-6.35","25.6","ROTA NAS, SP","  52.0","24","  43.4","24","9999.9"," 0","999.9"," 0","  6.2","24","  4.7","24","  8.0","999.9","  64.4","*","  41.0","*"," 0.00","I","999.9","000000"
"08449013025","2025-02-06","36.65","-6.35","25.6","ROTA NAS, SP","  52.3","24","  42.9","24","9999.9"," 0","999.9"," 0","  6.2","24","  4.0","24","  8.0","999.9","  64.4","*","  41.0","*"," 0.00","I","999.9","000000"
"08449013025","2025-02-07","36.65","-6.35","25.6","ROTA NAS, SP","  54.1","24","  48.9","24","9999.9"," 0","999.9"," 0","  6.1","24","  6.6","24"," 13.0","999.9","  60.8","*","  42.8","*","99.99"," ","999.9","010000"
"08449013025","2025-02-08","36.65","-6.35","25.6","ROTA NAS, SP","  57.9","24","  53.6","24","9999.9"," 0","999.9"," 0","  6.0","24","  5.8","24"," 14.0","999.9","  62.6","*","  50.0","*","99.99"," ","999.9","010000"
"08449013025","2025-02-09","36.65","-6.35","25.6","ROTA NAS, SP","  52.5","24","  47.1","24","9999.9"," 0","999.9"," 0","  5.3","24","  4.1","24","  8.9","999.9","  64.4","*","  42.8","*"," 0.00","I","999.9","100000"
"08449013025","2025-02-10","36.65","-6.35","25.6","ROTA NAS, SP","  55.9","24","  50.5","24","9999.9"," 0","999.9"," 0","  6.2","24","  6.7","24"," 13.0","999.9","  66.2","*","  46.4","*"," 0.00","I","999.9","000000"
"08449013025","2025-02-11","36.65","-6.35","25.6","ROTA NAS, SP","  59.8","24","  53.1","24","9999.9"," 0","999.9"," 0","  6.1","24"," 11.8","24"," 15.9"," 26.0","  64.4","*","  55.4","*"," 0.00","I","999.9","000000"
"08449013025","2025-02-12","36.65","-6.35","25.6","ROTA NAS, SP","  58.1","24","  51.4","24","9999.9"," 0","999.9"," 0","  6.2","24","  7.0","24"," 12.0","999.9","  60.8","*","  53.6","*"," 0.00","I","999.9","000000"
"08449013025","2025-02-13","36.65","-6.35","25.6","ROTA NAS, SP","  54.8","24","  48.4","24","9999.9"," 0","999.9"," 0","  6.2","24","  5.2","24","  9.9"," 17.1","  66.2","*","  46.4","*"," 0.00","I","999.9","000000"
"08449013025","2025-02-14","36.65","-6.35","25.6","ROTA NAS, SP","  53.7","24","  49.3","24","9999.9"," 0","999.9"," 0","  6.1","24","  5.1","24"," 11.1","999.9","  62.6","*","  44.6","*"," 0.00","I","999.9","000000"
"08449013025","2025-02-15","36.65","-6.35","25.6","ROTA NAS, SP","  56.0","24","  47.1","24","9999.9"," 0","999.9"," 0","  5.3","24","  5.2","24","  9.9","999.9","  68.0","*","  44.6","*"," 0.00","I","999.9","100000"
"08449013025","2025-02-16","36.65","-6.35","25.6","ROTA NAS, SP","  56.8","24","  52.2","24","9999.9"," 0","999.9"," 0","  6.2","24","  4.5","24"," 11.1","999.9","  62.6","*","  48.2","*"," 0.00","I","999.9","000000"
"08449013025","2025-02-17","36.65","-6.35","25.6","ROTA NAS, SP","  53.7","24","  51.5","24","9999.9"," 0","999.9"," 0","  5.0","24","  3.3","24","  5.1","999.9","  62.6","*","  44.6","*"," 0.00","I","999.9","100000"
"08449013025","2025-02-18","36.65","-6.35","25.6","ROTA NAS, SP","  57.9","24","  53.1","24","9999.9"," 0","999.9"," 0","  5.7","24","  7.5","24"," 14.0"," 22.9","  64.4","*","  48.2","*","99.99"," ","999.9","010000"
"08449013025","2025-02-19","36.65","-6.35","25.6","ROTA NAS, SP","  60.4","24","  54.2","24","9999.9"," 0","999.9"," 0","  6.2","24","  6.8","24"," 13.0"," 21.0","  66.2","*","  53.6","*"," 0.00","I","999.9","000000"
"08449013025","2025-02-20","36.65","-6.35","25.6","ROTA NAS, SP","  58.3","23","  53.5","23","9999.9"," 0","999.9"," 0","  6.0","23","  4.0","23","  6.0","999.9","  69.8","*","  50.0","*"," 0.00","I","999.9","000000"
"08449013025","2025-02-21","36.65","-6.35","25.6","ROTA NAS, SP","  60.6","24","  54.9","24","9999.9"," 0","999.9"," 0","  6.2","24","  9.2","24"," 17.1","999.9","  68.0","*","  51.8","*"," 0.00","I","999.9","000000"
"08449013025","2025-02-22","36.65","-6.35","25.6","ROTA NAS, SP","  59.3","24","  54.9","24","9999.9"," 0","999.9"," 0","  5.4","24","  7.5","24"," 11.1","999.9","  64.4","*","  55.4","*","99.99"," ","999.9","010000"
"08449013025","2025-02-23","36.65","-6.35","25.6","ROTA NAS, SP","  56.3","24","  50.6","24","9999.9"," 0","999.9"," 0","  6.2","24","  6.0","24"," 11.1","999.9","  66.2","*","  46.4","*"," 0.00","I","999.9","000000"
"08449013025","2025-02-24","36.65","-6.35","25.6","ROTA NAS, SP","  57.3","24","  48.6","24","9999.9"," 0","999.9"," 0","  6.2","24","  4.6","24","  8.0","999.9","  69.8","*","  48.2","*"," 0.00","I","999.9","000000"
"08449013025","2025-02-25","36.65","-6.35","25.6","ROTA NAS, SP","  55.7","24","  53.2","24","9999.9"," 0","999.9"," 0","  5.4","24","  3.5","24","  8.0","999.9","  62.6","*","  46.4","*","99.99"," ","999.9","110000"
"08449013025","2025-02-26","36.65","-6.35","25.6","ROTA NAS, SP","  53.6","24","  49.8","24","9999.9"," 0","999.9"," 0","  5.0","24","  5.0","24","  8.0"," 17.1","  64.4","*","  44.6","*"," 0.00","I","999.9","100000"
"08449013025","2025-02-27","36.65","-6.35","25.6","ROTA NAS, SP","  56.0","24","  49.9","24","9999.9"," 0","999.9"," 0","  6.2","24","  2.9","24","  7.0","999.9","  62.6","*","  50.0","*"," 0.00","I","999.9","000000"
"08449013025","2025-02-28","36.65","-6.35","25.6","ROTA NAS, SP","  54.4","18","  51.1","18","9999.9"," 0","999.9"," 0","  6.2","18","  5.6","18"," 11.1","999.9","  59.0","*","  50.0","*"," 0.00","I","999.9","000000"
"08449013025","2025-03-01","36.65","-6.35","25.6","ROTA NAS, SP","  54.6","24","  49.6","24","9999.9"," 0","999.9"," 0","  6.1","24","  4.7","24","  9.9","999.9","  62.6","*","  46.4","*"," 0.00","I","999.9","000000"
"08449013025","2025-03-02","36.65","-6.35","25.6","ROTA NAS, SP","  55.8","24","  51.4","24","9999.9"," 0","999.9"," 0","  5.5","24","  5.1","24","  9.9","999.9","  64.4","*","  48.2","*","99.99"," ","999.9","010000"
"08449013025","2025-03-03","36.65","-6.35","25.6","ROTA NAS, SP","  58.2","24","  54.4","24","9999.9"," 0","999.9"," 0","  6.2","24","  7.1","24"," 11.1","999.9","  66.2","*","  51.8","*","99.99"," ","999.9","010000"
"08449013025","2025-03-04","36.65","-6.35","25.6","ROTA NAS, SP","  58.0","24","  53.8","24","9999.9"," 0","999.9"," 0","  5.9","24","  8.2","24"," 15.9","999.9","  68.0","*","  50.0","*","99.99"," ","999.9","010000"
"08449013025","2025-03-05","36.65","-6.35","25.6","ROTA NAS, SP","  57.6","24","  55.9","24","9999.9"," 0","999.9"," 0","  5.5","24","  5.3","24"," 11.1","999.9","  60.8","*","  55.4","*","99.99"," ","999.9","010000"
"08449013025","2025-03-06","36.65","-6.35","25.6","ROTA NAS, SP","  57.6","24","  55.2","24","9999.9"," 0","999.9"," 0","  5.3","24","  4.1","24","  8.9","999.9","  64.4","*","  50.0","*"," 0.00","I","999.9","100000"
"08449013025","2025-03-07","36.65","-6.35","25.6","ROTA NAS, SP","  58.5","24","  55.2","24","9999.9"," 0","999.9"," 0","  5.4","24"," 10.2","24"," 25.1"," 36.9","  64.4","*","  51.8","*","99.99"," ","999.9","010000"
"08449013025","2025-03-08","36.65","-6.35","25.6","ROTA NAS, SP","  58.2","24","  51.2","24","9999.9"," 0","999.9"," 0","  5.1","24"," 16.2","24"," 27.0"," 40.0","  62.6","*","  53.6","*","99.99"," ","999.9","010000"
"08449013025","2025-03-09","36.65","-6.35","25.6","ROTA NAS, SP","  54.3","24","  48.7","24","9999.9"," 0","999.9"," 0","  5.2","24","  8.7","24"," 21.0"," 29.9","  57.2","*","  46.4","*","99.99"," ","999.9","010000"
"08449013025","2025-03-10","36.65","-6.35","25.6","ROTA NAS, SP","  59.5","24","  53.5","24","9999.9"," 0","999.9"," 0","  5.5","24"," 14.2","24"," 20.0"," 29.9","  64.4","*","  53.6","*","99.99"," ","999.9","010000"
"08449013025","2025-03-11","36.65","-6.35","25.6","ROTA NAS, SP","  61.0","24","  55.1","24","9999.9"," 0","999.9"," 0","  6.0","24"," 16.9","24"," 22.9"," 28.9","  64.4","*","  55.4","*","99.99"," ","999.9","010000"
"08449013025","2025-03-12","36.65","-6.35","25.6","ROTA NAS, SP","  58.4","24","  54.2","24","9999.9"," 0","999.9"," 0","  5.1","24","  6.4","24"," 15.0","999.9","  60.8","*","  55.4","*","99.99"," ","999.9","010010"
"08449013025","2025-03-13","36.65","-6.35","25.6","ROTA NAS, SP","  59.7","24","  54.4","24","9999.9"," 0","999.9"," 0","  5.4","24"," 16.4","24"," 26.0"," 42.0","  62.6","*","  53.6","*","99.99"," ","999.9","010000"
"08449013025","2025-03-14","36.65","-6.35","25.6","ROTA NAS, SP","  56.7","24","  49.3","24","9999.9"," 0","999.9"," 0","  5.6","24","  8.2","24"," 15.9"," 19.0","  60.8","*","  51.8","*","99.99"," ","999.9","010000"
"08449013025","2025-03-15","36.65","-6.35","25.6","ROTA NAS, SP","  55.6","24","  46.0","24","9999.9"," 0","999.9"," 0","  6.1","24","  8.9","24"," 15.9","999.9","  60.8","*","  50.0","*","99.99"," ","999.9","010000"
"08449013025","2025-03-16","36.65","-6.35","25.6","ROTA NAS, SP","  58.2","24","  52.5","24","9999.9"," 0","999.9"," 0","  6.1","24","  7.6","24"," 15.0","999.9","  62.6","*","  53.6","*","99.99"," ","999.9","010000"
"08449013025","2025-03-17","36.65","-6.35","25.6","ROTA NAS, SP","  60.4","24","  57.1","24","9999.9"," 0","999.9"," 0","  4.5","24"," 14.2","24"," 21.0"," 33.0","  62.6","*","  53.6","*","99.99"," ","999.9","010010"
"08449013025","2025-03-18","36.65","-6.35","25.6","ROTA NAS, SP","  60.5","24","  55.2","24","9999.9"," 0","999.9"," 0","  5.8","24"," 11.7","24"," 21.0"," 31.1","  62.6","*","  57.2","*","99.99"," ","999.9","010000"
"08449013025","2025-03-19","36.65","-6.35","25.6","ROTA NAS, SP","  61.5","24","  54.1","24","9999.9"," 0","999.9"," 0","  6.2","24"," 12.2","24"," 26.0"," 35.9","  68.0","*","  53.6","*"," 0.00","I","999.9","000000"
"08449013025","2025-03-20","36.65","-6.35","25.6","ROTA NAS, SP","  60.5","24","  56.1","24","9999.9"," 0","999.9"," 0","  5.0","24"," 15.0","24"," 22.9"," 34.0","  62.6","*","  55.4","*","99.99"," ","999.9","010010"
"08449013025","2025-03-21","36.65","-6.35","25.6","ROTA NAS, SP","  59.9","24","  53.0","24","9999.9"," 0","999.9"," 0","  5.5","24"," 16.6","24"," 27.0"," 44.1","  62.6","*","  55.4","*","99.99"," ","999.9","010000"
"08449013025","2025-03-22","36.65","-6.35","25.6","ROTA NAS, SP","  57.3","24","  46.9","24","9999.9"," 0","999.9"," 0","  6.0","24"," 12.9","24"," 22.9"," 27.0","  60.8","*","  53.6","*","99.99"," ","999.9","010000"
"08449013025","2025-03-23","36.65","-6.35","25.6","ROTA NAS, SP","  55.6","24","  46.5","24","9999.9"," 0","999.9"," 0","  5.8","24"," 10.7","24"," 19.0"," 28.0","  59.0","*","  51.8","*","99.99"," ","999.9","010000"
"08449013025","2025-03-24","36.65","-6.35","25.6","ROTA NAS, SP","  54.1","24","  46.6","24","9999.9"," 0","999.9"," 0","  6.2","24","  6.4","24","  8.9","999.9","  59.0","*","  48.2","*"," 0.00","I","999.9","000000"
"08449013025","2025-03-25","36.65","-6.35","25.6","ROTA NAS, SP","  56.0","24","  51.0","24","9999.9"," 0","999.9"," 0","  6.1","24","  4.2","24"," 11.1","999.9","  64.4","*","  46.4","*"," 0.00","I","999.9","000000"
"08449013025","2025-03-26","36.65","-6.35","25.6","ROTA NAS, SP","  57.8","24","  53.1","24","9999.9"," 0","999.9"," 0","  6.2","24","  4.6","24","  9.9","999.9","  64.4","*","  48.2","*"," 0.00","I","999.9","000000"
"08449013025","2025-03-27","36.65","-6.35","25.6","ROTA NAS, SP","  58.7","21","  51.3","21","9999.9"," 0","999.9"," 0","  6.2","21","  4.9","21","  9.9","999.9","  64.4","*","  50.0","*"," 0.00","I","999.9","000000"
"08449013025","2025-03-28","36.65","-6.35","25.6","ROTA NAS, SP","  59.9","19","  52.8","19","9999.9"," 0","999.9"," 0","  6.2","19","  4.2","19","  9.9","999.9","  69.8","*","  48.2","*"," 0.00","I","999.9","000000"
"08449013025","2025-03-29","36.65","-6.35","25.6","ROTA NAS, SP","  62.4","24","  52.7","24","9999.9"," 0","999.9"," 0","  5.8","24","  6.2","24"," 13.0","999.9","  77.0","*","  50.0","*"," 0.00","I","999.9","100000"
"08449013025","2025-03-30","36.65","-6.35","25.6","ROTA NAS, SP","  63.4","24","  48.3","24","9999.9"," 0","999.9"," 0","  6.2","24","  8.6","24"," 18.1","999.9","  73.4","*","  53.6","*"," 0.00","I","999.9","000000"
"08449013025","2025-03-31","36.65","-6.35","25.6","ROTA NAS, SP","  64.4","24","  42.0","24","9999.9"," 0","999.9"," 0","  6.2","24"," 12.3","24"," 21.0","999.9","  73.4","*","  55.4","*"," 0.00","I","999.9","000000"
"08449013025","2025-04-01","36.65","-6.35","25.6","ROTA NAS, SP","  62.2","24","  58.2","24","9999.9"," 0","999.9"," 0","  6.0","24","  5.7","24","  8.9"," 19.0","  64.4","*","  59.0","*","99.99"," ","999.9","010000"
"08449013025","2025-04-02","36.65","-6.35","25.6","ROTA NAS, SP","  59.7","24","  56.5","24","9999.9"," 0","999.9"," 0","  5.7","24","  8.3","24"," 18.1"," 28.9","  66.2","*","  57.2","*","99.99"," ","999.9","110000"
"08449013025","2025-04-03","36.65","-6.35","25.6","ROTA NAS, SP","  60.6","24","  54.9","24","9999.9"," 0","999.9"," 0","  5.8","24","  8.4","24"," 15.9"," 28.0","  66.2","*","  55.4","*","99.99"," ","999.9","010000"
"08449013025","2025-04-04","36.65","-6.35","25.6","ROTA NAS, SP","  62.3","24","  57.1","24","9999.9"," 0","999.9"," 0","  5.3","24"," 14.9","24"," 22.0"," 36.9","  66.2","*","  59.0","*","99.99"," ","999.9","010000"
"08449013025","2025-04-05","36.65","-6.35","25.6","ROTA NAS, SP","  60.8","24","  53.9","24","9999.9"," 0","999.9"," 0","  6.2","24","  4.4","24","  9.9","999.9","  64.4","*","  53.6","*"," 0.00","I","999.9","000000"
"08449013025","2025-04-06","36.65","-6.35","25.6","ROTA NAS, SP","  59.8","24","  55.4","24","9999.9"," 0","999.9"," 0","  6.1","24","  4.6","24","  9.9","999.9","  66.2","*","  51.8","*"," 0.00","I","999.9","000000"
"08449013025","2025-04-07","36.65","-6.35","25.6","ROTA NAS, SP","  62.8","24","  58.2","24","9999.9"," 0","999.9"," 0","  6.0","24","  3.6","24","  7.0","999.9","  69.8","*","  55.4","*"," 0.00","I","999.9","000000"
"08449013025","2025-04-08","36.65","-6.35","25.6","ROTA NAS, SP","  67.5","24","  50.2","24","9999.9"," 0","999.9"," 0","  6.2","24"," 12.0","24"," 22.9"," 33.0","  78.8","*","  55.4","*"," 0.00","I","999.9","000000"
"08449013025","2025-04-09","36.65","-6.35","25.6","ROTA NAS, SP","  70.9","24","  46.4","24","9999.9"," 0","999.9"," 0","  6.2","24"," 15.4","24"," 24.1"," 35.0","  78.8","*","  64.4","*"," 0.00","I","999.9","000000"
"08449013025","2025-04-10","36.65","-6.35","25.6","ROTA NAS, SP","  67.3","24","  50.2","24","9999.9"," 0","999.9"," 0","  6.2","24"," 15.3","24"," 28.0"," 40.0","  73.4","*","  60.8","*"," 0.00","I","999.9","000000"
"08449013025","2025-04-11","36.65","-6.35","25.6","ROTA NAS, SP","  64.5","24","  57.0","24","9999.9"," 0","999.9"," 0","  6.0","24"," 10.8","24"," 24.1"," 34.0","  73.4","*","  57.2","*","99.99"," ","999.9","010000"
"08449013025","2025-04-12","36.65","-6.35","25.6","ROTA NAS, SP","  64.6","24","  59.3","24","9999.9"," 0","999.9"," 0","  6.1","24","  9.7","24"," 15.0"," 22.0","  69.8","*","  60.8","*"," 0.00","I","999.9","000000"
"08449013025","2025-04-13","36.65","-6.35","25.6","ROTA NAS, SP","  62.6","24","  59.6","24","9999.9"," 0","999.9"," 0","  4.9","24","  5.9","24"," 13.0","999.9","  66.2","*","  59.0","*"," 0.00","I","999.9","100000"
"08449013025","2025-04-14","36.65","-6.35","25.6","ROTA NAS, SP","  62.6","24","  54.9","24","9999.9"," 0","999.9"," 0","  5.9","24"," 11.5","24"," 18.1","999.9","  66.2","*","  55.4","*","99.99"," ","999.9","010000"
"08449013025","2025-04-15","36.65","-6.35","25.6","ROTA NAS, SP","  57.6","24","  48.3","24","9999.9"," 0","999.9"," 0","  5.8","24"," 11.3","24"," 19.0"," 35.9","  62.6","*","  51.8","*","99.99"," ","999.9","010000"
"08449013025","2025-04-16","36.65","-6.35","25.6","ROTA NAS, SP","  59.2","24","  47.7","24","9999.9"," 0","999.9"," 0","  6.2","24"," 10.6","24"," 15.9"," 24.1","  64.4","*","  53.6","*","99.99"," ","999.9","010000"
"08449013025","2025-04-17","36.65","-6.35","25.6","ROTA NAS, SP","  62.9","24","  58.8","24","9999.9"," 0","999.9"," 0","  6.2","24","  7.6","24"," 12.0","999.9","  68.0","*","  59.0","*","99.99"," ","999.9","010000"
"08449013025","2025-04-18","36.65","-6.35","25.6","ROTA NAS, SP","  62.5","24","  57.2","24","9999.9"," 0","999.9"," 0","  6.2","24","  6.2","24"," 13.0","999.9","  68.0","*","  57.2","*"," 0.00","I","999.9","000000"
"08449013025","2025-04-19","36.65","-6.35","25.6","ROTA NAS, SP","  60.9","24","  48.4","24","9999.9"," 0","999.9"," 0","  6.2","24"," 13.6","24"," 18.1"," 25.1","  64.4","*","  57.2","*","99.99"," ","999.9","010000"
"08449013025","2025-04-20","36.65","-6.35","25.6","ROTA NAS, SP","  60.7","24","  50.4","24","9999.9"," 0","999.9"," 0","  6.2","24"," 13.3","24"," 17.1","999.9","  66.2","*","  55.4","*"," 0.00","I","999.9","000000"
"08449013025","2025-04-21","36.65","-6.35","25.6","ROTA NAS, SP","  59.2","24","  51.2","24","9999.9"," 0","999.9"," 0","  6.2","24","  6.0","24"," 13.0","999.9","  62.6","*","  51.8","*"," 0.00","I","999.9","000000"
"08449013025","2025-04-22","36.65","-6.35","25.6","ROTA NAS, SP","  62.6","24","  55.2","24","9999.9"," 0","999.9"," 0","  6.2","24","  7.2","24"," 13.0","999.9","  68.0","*","  57.2","*"," 0.00","I","999.9","000000"
"08449013025","2025-04-23","36.65","-6.35","25.6","ROTA NAS, SP","  66.2","24","  52.8","24","9999.9"," 0","999.9"," 0","  6.2","24","  6.3","24"," 12.0","999.9","  77.0","*","  53.6","*"," 0.00","I","999.9","000000"
"08449013025","2025-04-24","36.65","-6.35","25.6","ROTA NAS, SP","  69.4","24","  51.0","24","9999.9"," 0","999.9"," 0","  6.2","24","  7.2","24"," 14.0","999.9","  80.6","*","  57.2","*"," 0.00","I","999.9","000000"
"08449013025","2025-04-25","36.65","-6.35","25.6","ROTA NAS, SP","  64.6","24","  55.2","24","9999.9"," 0","999.9"," 0","  6.1","24","  5.7","24"," 12.0","999.9","  69.8","*","  57.2","*"," 0.00","I","999.9","000000"
"08449013025","2025-04-26","36.65","-6.35","25.6","ROTA NAS, SP","  63.2","24","  56.5","24","9999.9"," 0","999.9"," 0","  6.2","24","  7.2","24"," 14.0","999.9","  69.8","*","  53.6","*"," 0.00","I","999.9","000000"
"08449013025","2025-04-27","36.65","-6.35","25.6","ROTA NAS, SP","  65.6","24","  58.2","24","9999.9"," 0","999.9"," 0","  6.2","24","  5.1","24"," 15.9","999.9","  77.0","*","  53.6","*"," 0.00","I","999.9","000000"
"08449013025","2025-04-28","36.65","-6.35","25.6","ROTA NAS, SP","  69.7","23","  48.5","23","9999.9"," 0","999.9"," 0","  6.2","23"," 22.2","23"," 28.9"," 42.0","  75.2","*","  64.4","*"," 0.00","I","999.9","000000"
"08449013025","2025-04-29","36.65","-6.35","25.6","ROTA NAS, SP","  66.0","24","  54.9","24","9999.9"," 0","999.9"," 0","  6.2","24"," 18.3","24"," 26.0"," 36.9","  71.6","*","  62.6","*"," 0.00","I","999.9","000000"
"08449013025","2025-04-30","36.65","-6.35","25.6","ROTA NAS, SP","  62.4","24","  56.3","24","9999.9"," 0","999.9"," 0","  5.4","24","  7.6","24"," 15.0"," 17.1","  66.2","*","  55.4","*","99.99"," ","999.9","010000"
"08449013025","2025-05-01","36.65","-6.35","25.6","ROTA NAS, SP","  63.6","24","  56.3","24","9999.9"," 0","999.9"," 0","  6.2","24","  8.1","24"," 15.0"," 25.1","  75.2","*","  50.0","*","99.99"," ","999.9","010000"
"08449013025","2025-05-02","36.65","-6.35","25.6","ROTA NAS, SP","  65.0","24","  59.8","24","9999.9"," 0","999.9"," 0","  6.0","24"," 11.6","24"," 18.1"," 31.1","  68.0","*","  60.8","*","99.99"," ","999.9","010000"
"08449013025","2025-05-03","36.65","-6.35","25.6","ROTA NAS, SP","  64.0","24","  59.5","24","9999.9"," 0","999.9"," 0","  5.9","24","  8.5","24"," 14.0"," 25.1","  69.8","*","  60.8","*","99.99"," ","999.9","010000"
"08449013025","2025-05-04","36.65","-6.35","25.6","ROTA NAS, SP","  64.1","24","  56.6","24","9999.9"," 0","999.9"," 0","  6.2","24"," 11.5","24"," 17.1","999.9","  68.0","*","  60.8","*"," 0.00","I","999.9","000000"
"08449013025","2025-05-05","36.65","-6.35","25.6","ROTA NAS, SP","  64.1","24","  57.6","24","9999.9"," 0","999.9"," 0","  6.2","24","  9.1","24"," 15.9","999.9","  68.0","*","  60.8","*"," 0.00","I","999.9","000000"
"08449013025","2025-05-06","36.65","-6.35","25.6","ROTA NAS, SP","  62.8","24","  56.2","24","9999.9"," 0","999.9"," 0","  6.2","24","  6.0","24"," 12.0","999.9","  68.0","*","  55.4","*"," 0.00","I","999.9","000000"
"08449013025","2025-05-07","36.65","-6.35","25.6","ROTA NAS, SP","  62.5","24","  54.3","24","9999.9"," 0","999.9"," 0","  6.2","24","  5.8","24"," 12.0"," 22.0","  68.0","*","  57.2","*"," 0.00","I","999.9","000000"
"08449013025","2025-05-08","36.65","-6.35","25.6","ROTA NAS, SP","  62.6","24","  52.5","24","9999.9"," 0","999.9"," 0","  6.2","24","  4.8","24","  8.9"," 18.1","  66.2","*","  57.2","*"," 0.00","I","999.9","000000"
"08449013025","2025-05-09","36.65","-6.35","25.6","ROTA NAS, SP","  63.4","24","  55.4","24","9999.9"," 0","999.9"," 0","  6.2","24","  4.8","24"," 13.0","999.9","  69.8","*","  55.4","*"," 0.00","I","999.9","000000"
"08449013025","2025-05-10","36.65","-6.35","25.6","ROTA NAS, SP","  63.5","24","  54.1","24","9999.9"," 0","999.9"," 0","  6.2","24","  6.4","24"," 12.0","999.9","  69.8","*","  55.4","*"," 0.00","I","999.9","000000"
"08449013025","2025-05-11","36.65","-6.35","25.6","ROTA NAS, SP","  63.7","24","  52.2","24","9999.9"," 0","999.9"," 0","  6.2","24","  9.2","24"," 18.1","999.9","  69.8","*","  57.2","*"," 0.00","I","999.9","000000"
"08449013025","2025-05-12","36.65","-6.35","25.6","ROTA NAS, SP","  62.9","24","  49.6","24","9999.9"," 0","999.9"," 0","  6.2","24","  7.2","24"," 15.0","999.9","  69.8","*","  51.8","*"," 0.00","I","999.9","000000"
"08449013025","2025-05-13","36.65","-6.35","25.6","ROTA NAS, SP","  63.0","24","  53.5","24","9999.9"," 0","999.9"," 0","  6.2","24","  8.1","24"," 19.0"," 25.1","  69.8","*","  53.6","*"," 0.00","I","999.9","000000"
"08449013025","2025-05-14","36.65","-6.35","25.6","ROTA NAS, SP","  64.4","24","  53.7","24","9999.9"," 0","999.9"," 0","  6.2","24"," 11.2","24"," 21.0"," 31.1","  69.8","*","  59.0","*"," 0.00","I","999.9","000000"
"08449013025","2025-05-15","36.65","-6.35","25.6","ROTA NAS, SP","  62.9","24","  52.8","24","9999.9"," 0","999.9"," 0","  6.2","24"," 11.1","24"," 19.0","999.9","  68.0","*","  55.4","*"," 0.00","I","999.9","000000"
"08449013025","2025-05-16","36.65","-6.35","25.6","ROTA NAS, SP","  65.1","24","  56.5","24","9999.9"," 0","999.9"," 0","  6.2","24","  4.3","24"," 13.0","999.9","  71.6","*","  53.6","*"," 0.00","I","999.9","000000"
"08449013025","2025-05-17","36.65","-6.35","25.6","ROTA NAS, SP","  69.9","24","  52.2","24","9999.9"," 0","999.9"," 0","  6.2","24","  5.4","24"," 13.0","999.9","  82.4","*","  57.2","*"," 0.00","I","999.9","000000"
"08449013025","2025-05-18","36.65","-6.35","25.6","ROTA NAS, SP","  66.2","24","  56.5","24","9999.9"," 0","999.9"," 0","  6.2","24","  8.8","24"," 17.1","999.9","  71.6","*","  60.8","*"," 0.00","I","999.9","000000"
"08449013025","2025-05-19","36.65","-6.35","25.6","ROTA NAS, SP","  66.1","24","  56.7","24","9999.9"," 0","999.9"," 0","  6.2","24","  9.5","24"," 15.9"," 24.1","  71.6","*","  59.0","*"," 0.00","I","999.9","000000"
"08449013025","2025-05-20","36.65","-6.35","25.6","ROTA NAS, SP","  69.3","24","  56.5","24","9999.9"," 0","999.9"," 0","  6.2","24","  8.8","24"," 15.0"," 18.1","  78.8","*","  59.0","*"," 0.00","I","999.9","000000"
"08449013025","2025-05-21","36.65","-6.35","25.6","ROTA NAS, SP","  68.9","24","  59.2","24","9999.9"," 0","999.9"," 0","  6.2","24","  4.8","24","  9.9","999.9","  78.8","*","  57.2","*"," 0.00","I","999.9","000000"
"08449013025","2025-05-22","36.65","-6.35","25.6","ROTA NAS, SP","  71.3","24","  62.0","24","9999.9"," 0","999.9"," 0","  6.2","24","  6.4","24"," 15.0","999.9","  82.4","*","  60.8","*"," 0.00","I","999.9","000000"
"08449013025","2025-05-23","36.65","-6.35","25.6","ROTA NAS, SP","  69.5","24","  62.6","24","9999.9"," 0","999.9"," 0","  6.2","24","  9.8","24"," 15.9"," 24.1","  73.4","*","  66.2","*"," 0.00","I","999.9","000000"
"08449013025","2025-05-24","36.65","-6.35","25.6","ROTA NAS, SP","  70.4","24","  58.1","24","9999.9"," 0","999.9"," 0","  6.2","24","  7.3","24"," 12.0","999.9","  80.6","*","  60.8","*"," 0.00","I","999.9","000000"
"08449013025","2025-05-25","36.65","-6.35","25.6","ROTA NAS, SP","  72.3","24","  55.1","24","9999.9"," 0","999.9"," 0","  6.2","24","  6.1","24"," 11.1","999.9","  82.4","*","  60.8","*"," 0.00","I","999.9","000000"
"08449013025","2025-05-26","36.65","-6.35","25.6","ROTA NAS, SP","  74.2","24","  56.2","24","9999.9"," 0","999.9"," 0","  6.2","24","  5.2","24"," 13.0","999.9","  84.2","*","  62.6","*"," 0.00","I","999.9","000000"
"08449013025","2025-05-27","36.65","-6.35","25.6","ROTA NAS, SP","  76.5","24","  50.4","24","9999.9"," 0","999.9"," 0","  6.2","24","  4.1","24","  8.0","999.9","  89.6","*","  62.6","*"," 0.00","I","999.9","000000"
"08449013025","2025-05-28","36.65","-6.35","25.6","ROTA NAS, SP","  78.4","24","  47.4","24","9999.9"," 0","999.9"," 0","  6.2","24","  7.1","24"," 14.0","999.9","  91.4","*","  60.8","*"," 0.00","I","999.9","000000"
"08449013025","2025-05-29","36.65","-6.35","25.6","ROTA NAS, SP","  83.9","24","  49.8","24","9999.9"," 0","999.9"," 0","  6.2","24"," 11.9","24"," 22.0"," 32.1","  95.0","*","  71.6","*"," 0.00","I","999.9","000000"
"08449013025","2025-05-30","36.65","-6.35","25.6","ROTA NAS, SP","  86.8","24","  50.7","24","9999.9"," 0","999.9"," 0","  6.2","24","  9.8","24"," 18.1","999.9","  96.8","*","  71.6","*"," 0.00","I","999.9","000000"
"08449013025","2025-05-31","36.65","-6.35","25.6","ROTA NAS, SP","  76.2","24","  62.6","24","9999.9"," 0","999.9"," 0","  6.2","24","  5.8","24"," 12.0","999.9","  91.4","*","  66.2","*"," 0.00","I","999.9","000000"
"08449013025","2025-06-01","36.65","-6.35","25.6","ROTA NAS, SP","  71.8","24","  63.3","24","9999.9"," 0","999.9"," 0","  6.0","24","  9.2","24"," 15.9","999.9","  78.8","*","  68.0","*"," 0.00","I","999.9","000000"
"08449013025","2025-06-02","36.65","-6.35","25.6","ROTA NAS, SP","  69.1","24","  63.2","24","9999.9"," 0","999.9"," 0","  5.7","24","  8.9","24"," 14.0","999.9","  71.6","*","  66.2","*","99.99"," ","999.9","010000"
"08449013025","2025-06-03","36.65","-6.35","25.6","ROTA NAS, SP","  67.1","24","  57.9","24","9999.9"," 0","999.9"," 0","  6.2","24","  9.0","24"," 13.0","999.9","  71.6","*","  62.6","*"," 0.00","I","999.9","000000"
"08449013025","2025-06-04","36.65","-6.35","25.6","ROTA NAS, SP","  66.8","24","  58.2","24","9999.9"," 0","999.9"," 0","  6.2","24","  8.6","24"," 14.0","999.9","  71.6","*","  60.8","*"," 0.00","I","999.9","000000"
"08449013025","2025-06-05","36.65","-6.35","25.6","ROTA NAS, SP","  70.2","24","  61.0","24","9999.9"," 0","999.9"," 0","  5.7","24","  6.0","24"," 14.0","999.9","  78.8","*","  60.8","*"," 0.00","I","999.9","100000"
"08449013025","2025-06-06","36.65","-6.35","25.6","ROTA NAS, SP","  71.7","24","  61.2","24","9999.9"," 0","999.9"," 0","  6.2","24","  4.7","24"," 11.1","999.9","  78.8","*","  60.8","*"," 0.00","I","999.9","000000"
"08449013025","2025-06-07","36.65","-6.35","25.6","ROTA NAS, SP","  76.9","24","  59.2","24","9999.9"," 0","999.9"," 0","  6.2","24","  5.6","24"," 11.1","999.9","  93.2","*","  60.8","*"," 0.00","I","999.9","000000"
"08449013025","2025-06-08","36.65","-6.35","25.6","ROTA NAS, SP","  80.4","22","  57.3","22","9999.9"," 0","999.9"," 0","  6.2","22","  5.8","22"," 13.0"," 22.9","  93.2","*","  68.0","*"," 0.00","I","999.9","000000"
"08449013025","2025-06-09","36.65","-6.35","25.6","ROTA NAS, SP","  76.3","24","  65.2","24","9999.9"," 0","999.9"," 0","  6.1","24"," 10.0","24"," 17.1"," 24.1","  82.4","*","  69.8","*"," 0.00","I","999.9","000000"
"08449013025","2025-06-10","36.65","-6.35","25.6","ROTA NAS, SP","  72.5","24","  64.9","24","9999.9"," 0","999.9"," 0","  6.1","24","  8.8","24"," 22.0"," 34.0","  80.6","*","  68.0","*","99.99"," ","999.9","010000"
"08449013025","2025-06-11","36.65","-6.35","25.6","ROTA NAS, SP","  70.0","22","  61.4","22","9999.9"," 0","999.9"," 0","  6.2","22","  8.5","22"," 13.0","999.9","  73.4","*","  68.0","*"," 0.00","I","999.9","000000"
"08449013025","2025-06-12","36.65","-6.35","25.6","ROTA NAS, SP","  70.7","22","  62.3","22","9999.9"," 0","999.9"," 0","  6.1","22","  8.9","22"," 15.0","999.9","  75.2","*","  64.4","*"," 0.00","I","999.9","000000"
"08449013025","2025-06-13","36.65","-6.35","25.6","ROTA NAS, SP","  72.4","24","  63.5","24","9999.9"," 0","999.9"," 0","  6.2","24","  6.8","24"," 15.0","999.9","  78.8","*","  62.6","*"," 0.00","I","999.9","000000"
"08449013025","2025-06-14","36.65","-6.35","25.6","ROTA NAS, SP","  74.9","24","  64.0","24","9999.9"," 0","999.9"," 0","  6.0","24","  6.1","24"," 13.0","999.9","  84.2","*","  66.2","*"," 0.00","I","999.9","000000"
"08449013025","2025-06-15","36.65","-6.35","25.6","ROTA NAS, SP","  75.1","24","  61.2","24","9999.9"," 0","999.9"," 0","  6.2","24","  5.0","24"," 13.0","999.9","  84.2","*","  64.4","*"," 0.00","I","999.9","000000"
"08449013025","2025-06-16","36.65","-6.35","25.6","ROTA NAS, SP","  84.3","24","  63.8","24","9999.9"," 0","999.9"," 0","  6.0","24"," 10.8","24"," 20.0","999.9","  96.8","*","  71.6","*"," 0.00","I","999.9","000000"
"08449013025","2025-06-17","36.65","-6.35","25.6","ROTA NAS, SP","  79.7","24","  65.7","24","9999.9"," 0","999.9"," 0","  6.2","24","  7.8","24"," 14.0"," 19.0","  87.8","*","  71.6","*"," 0.00","I","999.9","000000"
"08449013025","2025-06-18","36.65","-6.35","25.6","ROTA NAS, SP","  78.3","24","  68.7","24","9999.9"," 0","999.9"," 0","  5.7","24","  5.0","24"," 14.0"," 19.0","  89.6","*","  69.8","*"," 0.00","I","999.9","000000"
"08449013025","2025-06-19","36.65","-6.35","25.6","ROTA NAS, SP","  84.8","24","  63.0","24","9999.9"," 0","999.9"," 0","  6.2","24","  6.6","24"," 14.0","999.9","  95.0","*","  75.2","*"," 0.00","I","999.9","000000"
"08449013025","2025-06-20","36.65","-6.35","25.6","ROTA NAS, SP","  82.7","24","  61.5","24","9999.9"," 0","999.9"," 0","  6.2","24","  8.9","24"," 21.0"," 32.1","  93.2","*","  75.2","*"," 0.00","I","999.9","000000"
"08449013025","2025-06-21","36.65","-6.35","25.6","ROTA NAS, SP","  75.9","24","  68.9","24","9999.9"," 0","999.9"," 0","  6.1","24","  5.2","24","  9.9","999.9","  80.6","*","  71.6","*"," 0.00","I","999.9","000000"
"08449013025","2025-06-22","36.65","-6.35","25.6","ROTA NAS, SP","  75.6","24","  68.6","24","9999.9"," 0","999.9"," 0","  6.2","24","  6.2","24","  9.9"," 22.0","  80.6","*","  71.6","*"," 0.00","I","999.9","000000"
"08449013025","2025-06-23","36.65","-6.35","25.6","ROTA NAS, SP","  73.5","24","  68.0","24","9999.9"," 0","999.9"," 0","  6.2","24","  9.6","24"," 13.0"," 21.0","  77.0","*","  69.8","*"," 0.00","I","999.9","000000"
"08449013025","2025-06-24","36.65","-6.35","25.6","ROTA NAS, SP","  70.1","24","  62.6","24","9999.9"," 0","999.9"," 0","  6.2","24","  8.3","24"," 14.0","999.9","  73.4","*","  66.2","*","99.99"," ","999.9","010010"
"08449013025","2025-06-25","36.65","-6.35","25.6","ROTA NAS, SP","  71.7","24","  63.1","24","9999.9"," 0","999.9"," 0","  6.2","24","  8.2","24"," 15.0","999.9","  77.0","*","  64.4","*"," 0.00","I","999.9","000000"
"08449013025","2025-06-26","36.65","-6.35","25.6","ROTA NAS, SP","  78.6","24","  64.5","24","9999.9"," 0","999.9"," 0","  6.1","24","  7.4","24"," 14.0","999.9","  93.2","*","  64.4","*"," 0.00","I","999.9","000000"
"08449013025","2025-06-27","36.65","-6.35","25.6","ROTA NAS, SP","  85.7","24","  59.5","24","9999.9"," 0","999.9"," 0","  6.2","24","  9.8","24"," 19.0"," 28.9","  98.6","*","  69.8","*"," 0.00","I","999.9","000000"
"08449013025","2025-06-28","36.65","-6.35","25.6","ROTA NAS, SP","  88.8","24","  58.7","24","9999.9"," 0","999.9"," 0","  6.2","24"," 10.4","24"," 17.1","999.9"," 102.2","*","  71.6","*"," 0.00","I","999.9","000000"
"08449013025","2025-06-29","36.65","-6.35","25.6","ROTA NAS, SP","  90.1","24","  55.9","24","9999.9"," 0","999.9"," 0","  6.2","24"," 10.6","24"," 18.1","999.9"," 102.2","*","  73.4","*"," 0.00","I","999.9","000000"
"08449013025","2025-06-30","36.65","-6.35","25.6","ROTA NAS, SP","  90.5","24","  56.7","24","9999.9"," 0","999.9"," 0","  6.2","24","  8.9","24"," 17.1","999.9"," 102.2","*","  78.8","*"," 0.00","I","999.9","000000"
"08449013025","2025-07-01","36.65","-6.35","25.6","ROTA NAS, SP","  89.5","24","  56.1","24","9999.9"," 0","999.9"," 0","  6.2","24"," 11.2","24"," 18.1"," 28.0"," 100.4","*","  77.0","*"," 0.00","I","999.9","000000"
"08449013025","2025-07-02","36.65","-6.35","25.6","ROTA NAS, SP","  79.6","24","  64.6","24","9999.9"," 0","999.9"," 0","  6.2","24","  7.3","24"," 13.0","999.9","  87.8","*","  71.6","*"," 0.00","I","999.9","000000"
"08449013025","2025-07-03","36.65","-6.35","25.6","ROTA NAS, SP","  78.8","24","  69.6","24","9999.9"," 0","999.9"," 0","  6.2","24","  8.5","24"," 14.0","999.9","  87.8","*","  73.4","*"," 0.00","I","999.9","000000"
"08449013025","2025-07-04","36.65","-6.35","25.6","ROTA NAS, SP","  76.7","24","  70.9","24","9999.9"," 0","999.9"," 0","  6.1","24","  7.9","24"," 13.0","999.9","  80.6","*","  71.6","*"," 0.00","I","999.9","000000"
"08449013025","2025-07-05","36.65","-6.35","25.6","ROTA NAS, SP","  74.2","24","  69.0","24","9999.9"," 0","999.9"," 0","  6.1","24","  6.0","24"," 12.0","999.9","  78.8","*","  68.0","*"," 0.00","I","999.9","000000"
"08449013025","2025-07-06","36.65","-6.35","25.6","ROTA NAS, SP","  74.0","24","  68.5","24","9999.9"," 0","999.9"," 0","  6.2","24","  6.2","24"," 13.0"," 21.0","  78.8","*","  68.0","*"," 0.00","I","999.9","000000"
"08449013025","2025-07-07","36.65","-6.35","25.6","ROTA NAS, SP","  77.0","24","  69.9","24","9999.9"," 0","999.9"," 0","  6.2","24","  6.9","24"," 11.1","999.9","  80.6","*","  73.4","*"," 0.00","I","999.9","000000"
"08449013025","2025-07-08","36.65","-6.35","25.6","ROTA NAS, SP","  74.3","24","  68.4","24","9999.9"," 0","999.9"," 0","  6.2","24","  8.1","24"," 11.1","999.9","  78.8","*","  68.0","*"," 0.00","I","999.9","000000"
"08449013025","2025-07-09","36.65","-6.35","25.6","ROTA NAS, SP","  74.5","24","  68.4","24","9999.9"," 0","999.9"," 0","  5.9","24","  5.7","24"," 11.1","999.9","  80.6","*","  66.2","*"," 0.00","I","999.9","000000"
"08449013025","2025-07-10","36.65","-6.35","25.6","ROTA NAS, SP","  73.1","24","  66.2","24","9999.9"," 0","999.9"," 0","  6.2","24","  7.7","24"," 13.0","999.9","  75.2","*","  71.6","*"," 0.00","I","999.9","000000"
"08449013025","2025-07-11","36.65","-6.35","25.6","ROTA NAS, SP","  72.0","24","  61.5","24","9999.9"," 0","999.9"," 0","  6.2","24"," 10.2","24"," 15.9","999.9","  75.2","*","  68.0","*"," 0.00","I","999.9","000000"
"08449013025","2025-07-12","36.65","-6.35","25.6","ROTA NAS, SP","  72.9","24","  61.7","24","9999.9"," 0","999.9"," 0","  6.2","24"," 10.9","24"," 15.0"," 21.0","  77.0","*","  69.8","*"," 0.00","I","999.9","000000"
"08449013025","2025-07-13","36.65","-6.35","25.6","ROTA NAS, SP","  75.3","24","  63.5","24","9999.9"," 0","999.9"," 0","  6.2","24","  7.4","24"," 15.0","999.9","  82.4","*","  66.2","*"," 0.00","I","999.9","000000"
"08449013025","2025-07-14","36.65","-6.35","25.6","ROTA NAS, SP","  75.7","23","  68.4","23","9999.9"," 0","999.9"," 0","  6.2","23","  5.2","23","  9.9","999.9","  82.4","*","  68.0","*"," 0.00","I","999.9","000000"
"08449013025","2025-07-15","36.65","-6.35","25.6","ROTA NAS, SP","  78.4","24","  64.9","24","9999.9"," 0","999.9"," 0","  6.2","24","  4.6","24"," 11.1","999.9","  87.8","*","  68.0","*"," 0.00","I","999.9","000000"
"08449013025","2025-07-16","36.65","-6.35","25.6","ROTA NAS, SP","  79.3","24","  70.0","24","9999.9"," 0","999.9"," 0","  6.2","24","  4.8","24","  9.9","999.9","  86.0","*","  75.2","*"," 0.00","I","999.9","000000"
"08449013025","2025-07-17","36.65","-6.35","25.6","ROTA NAS, SP","  78.7","24","  67.5","24","9999.9"," 0","999.9"," 0","  6.1","24","  5.6","24"," 11.1","999.9","  86.0","*","  71.6","*"," 0.00","I","999.9","000000"
"08449013025","2025-07-18","36.65","-6.35","25.6","ROTA NAS, SP","  76.5","24","  62.4","24","9999.9"," 0","999.9"," 0","  6.2","24"," 10.2","24"," 17.1","999.9","  80.6","*","  73.4","*"," 0.00","I","999.9","000000"
"08449013025","2025-07-19","36.65","-6.35","25.6","ROTA NAS, SP","  74.6","24","  63.7","24","9999.9"," 0","999.9"," 0","  6.2","24"," 10.2","24"," 17.1","999.9","  78.8","*","  69.8","*"," 0.00","I","999.9","000000"
"08449013025","2025-07-20","36.65","-6.35","25.6","ROTA NAS, SP","  74.1","24","  63.5","24","9999.9"," 0","999.9"," 0","  6.2","24"," 11.8","24"," 18.1","999.9","  78.8","*","  68.0","*"," 0.00","I","999.9","000000"
"08449013025","2025-07-21","36.65","-6.35","25.6","ROTA NAS, SP","  72.1","24","  60.4","24","9999.9"," 0","999.9"," 0","  6.2","24","  8.8","24"," 15.0","999.9","  77.0","*","  66.2","*"," 0.00","I","999.9","000000"
"08449013025","2025-07-22","36.65","-6.35","25.6","ROTA NAS, SP","  71.6","24","  62.0","24","9999.9"," 0","999.9"," 0","  6.1","24","  5.2","24"," 12.0","999.9","  78.8","*","  62.6","*"," 0.00","I","999.9","000000"
"08449013025","2025-07-23","36.65","-6.35","25.6","ROTA NAS, SP","  73.0","24","  64.4","24","9999.9"," 0","999.9"," 0","  5.8","24","  6.8","24"," 13.0","999.9","  78.8","*","  68.0","*"," 0.00","I","999.9","000000"
"08449013025","2025-07-24","36.65","-6.35","25.6","ROTA NAS, SP","  73.4","24","  62.4","24","9999.9"," 0","999.9"," 0","  6.2","24","  5.4","24","  8.9","999.9","  78.8","*","  66.2","*"," 0.00","I","999.9","000000"
"08449013025","2025-07-25","36.65","-6.35","25.6","ROTA NAS, SP","  81.1","24","  64.2","24","9999.9"," 0","999.9"," 0","  6.2","24"," 12.1","24"," 22.9"," 28.9","  93.2","*","  69.8","*"," 0.00","I","999.9","000000"
"08449013025","2025-07-26","36.65","-6.35","25.6","ROTA NAS, SP","  81.4","24","  63.9","24","9999.9"," 0","999.9"," 0","  6.2","24","  9.1","24"," 17.1"," 26.0","  93.2","*","  71.6","*"," 0.00","I","999.9","000000"
"08449013025","2025-07-27","36.65","-6.35","25.6","ROTA NAS, SP","  78.3","24","  64.4","24","9999.9"," 0","999.9"," 0","  6.2","24","  5.3","24"," 11.1","999.9","  86.0","*","  69.8","*"," 0.00","I","999.9","000000"
"08449013025","2025-07-28","36.65","-6.35","25.6","ROTA NAS, SP","  75.7","24","  64.5","24","9999.9"," 0","999.9"," 0","  6.2","24","  4.1","24","  7.0","999.9","  82.4","*","  68.0","*"," 0.00","I","999.9","000000"
"08449013025","2025-07-29","36.65","-6.35","25.6","ROTA NAS, SP","  75.6","22","  68.4","22","9999.9"," 0","999.9"," 0","  6.2","22","  7.9","22"," 13.0","999.9","  80.6","*","  69.8","*"," 0.00","I","999.9","000000"
"08449013025","2025-07-30","36.65","-6.35","25.6","ROTA NAS, SP","  83.6","24","  63.8","24","9999.9"," 0","999.9"," 0","  6.2","24"," 11.1","24"," 19.0","999.9","  93.2","*","  71.6","*"," 0.00","I","999.9","000000"
"08449013025","2025-07-31","36.65","-6.35","25.6","ROTA NAS, SP","  83.9","24","  60.0","24","9999.9"," 0","999.9"," 0","  6.2","24"," 13.0","24"," 22.0"," 35.0","  93.2","*","  75.2","*"," 0.00","I","999.9","000000"
"08449013025","2025-08-01","36.65","-6.35","25.6","ROTA NAS, SP","  78.1","24","  62.8","24","9999.9"," 0","999.9"," 0","  6.2","24","  7.2","24"," 13.0","999.9","  89.6","*","  66.2","*"," 0.00","I","999.9","000000"
"08449013025","2025-08-02","36.65","-6.35","25.6","ROTA NAS, SP","  81.6","24","  61.5","24","9999.9"," 0","999.9"," 0","  6.2","24","  8.3","24"," 14.0","999.9","  96.8","*","  71.6","*"," 0.00","I","999.9","000000"
"08449013025","2025-08-03","36.65","-6.35","25.6","ROTA NAS, SP","  79.8","24","  63.9","24","9999.9"," 0","999.9"," 0","  6.2","24","  8.7","24"," 15.9"," 25.1","  93.2","*","  69.8","*"," 0.00","I","999.9","000000"
"08449013025","2025-08-04","36.65","-6.35","25.6","ROTA NAS, SP","  81.7","24","  68.2","24","9999.9"," 0","999.9"," 0","  6.2","24","  8.6","24"," 15.9"," 20.0","  91.4","*","  75.2","*"," 0.00","I","999.9","000000"
"08449013025","2025-08-05","36.65","-6.35","25.6","ROTA NAS, SP","  77.8","24","  67.6","24","9999.9"," 0","999.9"," 0","  6.2","24","  5.5","24","  9.9","999.9","  87.8","*","  69.8","*"," 0.00","I","999.9","000000"
"08449013025","2025-08-06","36.65","-6.35","25.6","ROTA NAS, SP","  75.1","24","  69.6","24","9999.9"," 0","999.9"," 0","  6.1","24","  5.9","24","  9.9","999.9","  80.6","*","  71.6","*"," 0.00","I","999.9","000000"
"08449013025","2025-08-07","36.65","-6.35","25.6","ROTA NAS, SP","  73.0","24","  67.9","24","9999.9"," 0","999.9"," 0","  6.0","24","  5.1","24"," 11.1","999.9","  77.0","*","  68.0","*"," 0.00","I","999.9","000000"
"08449013025","2025-08-08","36.65","-6.35","25.6","ROTA NAS, SP","  73.4","24","  68.1","24","9999.9"," 0","999.9"," 0","  5.8","24","  5.9","24"," 11.1","999.9","  77.0","*","  68.0","*"," 0.00","I","999.9","000000"
"08449013025","2025-08-09","36.65","-6.35","25.6","ROTA NAS, SP","  76.2","24","  69.5","24","9999.9"," 0","999.9"," 0","  5.8","24","  4.0","24","  9.9","999.9","  86.0","*","  66.2","*"," 0.00","I","999.9","000000"
"08449013025","2025-08-10","36.65","-6.35","25.6","ROTA NAS, SP","  83.8","24","  63.8","24","9999.9"," 0","999.9"," 0","  6.2","24","  8.2","24"," 17.1"," 20.0","  96.8","*","  69.8","*"," 0.00","I","999.9","000000"
"08449013025","2025-08-11","36.65","-6.35","25.6","ROTA NAS, SP","  86.4","24","  62.1","24","9999.9"," 0","999.9"," 0","  6.2","24","  6.4","24"," 14.0","999.9","  98.6","*","  73.4","*"," 0.00","I","999.9","000000"
"08449013025","2025-08-12","36.65","-6.35","25.6","ROTA NAS, SP","  90.7","24","  55.4","24","9999.9"," 0","999.9"," 0","  6.2","24","  7.9","24"," 14.0","999.9"," 105.8","*","  75.2","*"," 0.00","I","999.9","000000"
"08449013025","2025-08-13","36.65","-6.35","25.6","ROTA NAS, SP","  89.7","24","  54.5","24","9999.9"," 0","999.9"," 0","  6.2","24"," 11.3","24"," 22.0"," 31.1"," 102.2","*","  77.0","*"," 0.00","I","999.9","000000"
"08449013025","2025-08-14","36.65","-6.35","25.6","ROTA NAS, SP","  87.6","24","  56.0","24","9999.9"," 0","999.9"," 0","  6.2","24","  9.9","24"," 15.0","999.9","  98.6","*","  73.4","*"," 0.00","I","999.9","000000"
"08449013025","2025-08-15","36.65","-6.35","25.6","ROTA NAS, SP","  85.8","24","  62.7","24","9999.9"," 0","999.9"," 0","  6.2","24","  7.1","24"," 15.9","999.9","  96.8","*","  75.2","*"," 0.00","I","999.9","000000"
"08449013025","2025-08-16","36.65","-6.35","25.6","ROTA NAS, SP","  86.3","24","  61.9","24","9999.9"," 0","999.9"," 0","  6.2","24","  6.8","24"," 13.0","999.9","  96.8","*","  75.2","*"," 0.00","I","999.9","000000"
"08449013025","2025-08-17","36.65","-6.35","25.6","ROTA NAS, SP","  87.8","24","  63.1","24","9999.9"," 0","999.9"," 0","  6.2","24","  5.2","24"," 12.0","999.9"," 104.0","*","  77.0","*"," 0.00","I","999.9","000000"
"08449013025","2025-08-18","36.65","-6.35","25.6","ROTA NAS, SP","  84.0","24","  64.0","24","9999.9"," 0","999.9"," 0","  6.0","24","  6.4","24"," 11.1","999.9","  93.2","*","  75.2","*"," 0.00","I","999.9","000000"
"08449013025","2025-08-19","36.65","-6.35","25.6","ROTA NAS, SP","  76.0","24","  65.2","24","9999.9"," 0","999.9"," 0","  6.1","24"," 10.1","24"," 15.9","999.9","  80.6","*","  71.6","*"," 0.00","I","999.9","000000"
"08449013025","2025-08-20","36.65","-6.35","25.6","ROTA NAS, SP","  73.5","24","  63.3","24","9999.9"," 0","999.9"," 0","  6.2","24","  9.2","24"," 14.0","999.9","  77.0","*","  68.0","*"," 0.00","I","999.9","000000"
"08449013025","2025-08-21","36.65","-6.35","25.6","ROTA NAS, SP","  72.9","24","  62.8","24","9999.9"," 0","999.9"," 0","  6.2","24","  6.1","24"," 12.0"," 22.9","  77.0","*","  64.4","*"," 0.00","I","999.9","000000"
"08449013025","2025-08-22","36.65","-6.35","25.6","ROTA NAS, SP","  74.7","24","  69.0","24","9999.9"," 0","999.9"," 0","  6.2","24","  6.1","24","  8.9","999.9","  82.4","*","  68.0","*"," 0.00","I","999.9","000000"
"08449013025","2025-08-23","36.65","-6.35","25.6","ROTA NAS, SP","  72.7","24","  66.7","24","9999.9"," 0","999.9"," 0","  5.5","24","  6.9","24"," 12.0","999.9","  78.8","*","  66.2","*"," 0.00","I","999.9","000000"
"08449013025","2025-08-24","36.65","-6.35","25.6","ROTA NAS, SP","  73.0","22","  66.4","22","9999.9"," 0","999.9"," 0","  6.2","22","  6.0","22","  8.9","999.9","  78.8","*","  66.2","*"," 0.00","I","999.9","000000"
