"STATION","DATE","LATITUDE","LONGITUDE","ELEVATION","NAME","TEMP","TEMP_ATTRIBUTES","DEWP","DEWP_ATTRIBUTES","SLP","SLP_ATTRIBUTES","STP","STP_ATTRIBUTES","VISIB","VISIB_ATTRIBUTES","WDSP","WDSP_ATTRIBUTES","MXSPD","GUST","MAX","MAX_ATTRIBUTES","MIN","MIN_ATTRIBUTES","PRCP","PRCP_ATTRIBUTES","SNDP","FRSHTT"
"71749099999","2025-01-01","48.3666666","-89.3333333","199.03","THUNDER BAY A, CA","  21.9","24","  13.8","24","1013.9","24","999.9"," 0"," 15.9","24","  9.9","24"," 15.0"," 20.0","  28.4","*","  17.6","*","99.99"," ","999.9","001000"
"71749099999","2025-01-02","48.3666666","-89.3333333","199.03","THUNDER BAY A, CA","  14.3","24","   5.8","24","1019.7","24","999.9"," 0"," 16.7","24","  9.3","24"," 14.0"," 19.0","  17.6","*","  10.4","*"," 0.00","I","999.9","000000"
"71749099999","2025-01-03","48.3666666","-89.3333333","199.03","THUNDER BAY A, CA","   6.6","24","  -3.0","24","1024.6","24","999.9"," 0"," 16.9","24"," 11.3","24"," 15.9"," 25.1","  14.0","*","   1.4","*","99.99"," ","999.9","001000"
"71749099999","2025-01-04","48.3666666","-89.3333333","199.03","THUNDER BAY A, CA","  -0.8","24"," -14.3","24","1027.0","24","999.9"," 0"," 17.3","24"," 14.1","24"," 18.1"," 27.0","   5.0","*","  -7.6","*"," 0.00","I","999.9","000000"
"71749099999","2025-01-05","48.3666666","-89.3333333","199.03","THUNDER BAY A, CA","   4.2","24"," -12.7","24","1027.4","24","999.9"," 0"," 16.9","24"," 11.8","24"," 20.0"," 32.1","  17.6","*","  -2.2","*"," 0.00","I","999.9","000000"
"71749099999","2025-01-06","48.3666666","-89.3333333","199.03","THUNDER BAY A, CA","   5.2","24","  -9.6","24","1031.6","24","999.9"," 0"," 17.1","24","  7.4","24"," 12.0"," 19.0","  15.8","*","  -4.0","*"," 0.00","I","999.9","000000"
"71749099999","2025-01-07","48.3666666","-89.3333333","199.03","THUNDER BAY A, CA","   8.2","24","  -5.2","24","1033.8","24","999.9"," 0"," 16.6","24","  5.9","24","  8.0","999.9","  14.0","*","   5.0","*"," 0.00","I","999.9","000000"
"71749099999","2025-01-08","48.3666666","-89.3333333","199.03","THUNDER BAY A, CA","   6.3","24","  -3.6","24","1030.8","24","999.9"," 0"," 16.1","24","  2.8","24","  7.0","999.9","  14.0","*","   1.4","*","99.99"," ","999.9","001000"
"71749099999","2025-01-09","48.3666666","-89.3333333","199.03","THUNDER BAY A, CA","  17.4","23","  12.4","23","1018.8","23","999.9"," 0"," 16.3","23","  2.9","23"," 12.0"," 18.1","  28.4","*","  12.2","*","99.99"," ","999.9","001000"
"71749099999","2025-01-10","48.3666666","-89.3333333","199.03","THUNDER BAY A, CA","  22.9","24","  16.9","24","1012.1","24","999.9"," 0"," 14.3","24","  5.0","24","  8.9"," 15.0","  24.8","*","  19.4","*","99.99"," ","999.9","001000"
"71749099999","2025-01-11","48.3666666","-89.3333333","199.03","THUNDER BAY A, CA","  17.1","24","  10.5","24","1008.5","24","999.9"," 0"," 15.8","24","  3.4","24","  8.9","999.9","  19.4","*","  15.8","*","99.99"," ","999.9","001000"
"71749099999","2025-01-12","48.3666666","-89.3333333","199.03","THUNDER BAY A, CA","  17.5","24","  14.4","24","1007.3","24","999.9"," 0","  5.3","24","  5.0","24"," 11.1"," 15.0","  21.2","*","  15.8","*","99.99"," ","999.9","001000"
"71749099999","2025-01-13","48.3666666","-89.3333333","199.03","THUNDER BAY A, CA","   7.7","24","   0.3","24","1011.0","24","999.9"," 0","  5.4","24"," 10.2","24"," 14.0"," 24.1","  14.0","*","   3.2","*","99.99"," ","999.9","001000"
"71749099999","2025-01-14","48.3666666","-89.3333333","199.03","THUNDER BAY A, CA","   2.6","24","  -5.7","24","1023.7","24","999.9"," 0"," 15.5","24","  7.5","24","  9.9"," 17.1","   6.8","*","  -5.8","*","99.99"," ","999.9","001000"
"71749099999","2025-01-15","48.3666666","-89.3333333","199.03","THUNDER BAY A, CA","   1.8","24","  -4.5","24","1021.7","24","999.9"," 0"," 13.6","24","  4.3","24","  8.9"," 15.0","  23.0","*"," -13.0","*","99.99"," ","999.9","001000"
"71749099999","2025-01-16","48.3666666","-89.3333333","199.03","THUNDER BAY A, CA","  24.6","24","  17.7","24","1006.2","24","999.9"," 0"," 16.7","24","  9.8","24"," 15.9"," 29.9","  30.2","*","  21.2","*","99.99"," ","999.9","001000"
"71749099999","2025-01-17","48.3666666","-89.3333333","199.03","THUNDER BAY A, CA","  30.3","24","  24.0","24"," 998.1","24","999.9"," 0"," 15.6","24","  6.7","24"," 15.9"," 32.1","  37.4","*","  23.0","*","99.99"," ","999.9","001000"
"71749099999","2025-01-18","48.3666666","-89.3333333","199.03","THUNDER BAY A, CA","   5.5","24","  -6.8","24","1012.4","24","999.9"," 0"," 17.0","24"," 14.2","24"," 22.0"," 36.9","  24.8","*","  -4.0","*","99.99"," ","999.9","001000"
"71749099999","2025-01-19","48.3666666","-89.3333333","199.03","THUNDER BAY A, CA"," -14.2","24"," -25.8","24","1025.5","24","999.9"," 0"," 16.0","24","  9.5","24"," 13.0"," 20.0","  -5.8","*"," -22.0","*"," 0.00","I","999.9","000000"
"71749099999","2025-01-20","48.3666666","-89.3333333","199.03","THUNDER BAY A, CA"," -17.7","24"," -28.8","24","1029.1","24","999.9"," 0"," 16.5","24","  8.0","24"," 12.0"," 20.0"," -11.2","*"," -27.4","*"," 0.00","I","999.9","000000"
"71749099999","2025-01-21","48.3666666","-89.3333333","199.03","THUNDER BAY A, CA"," -15.1","24"," -28.4","24","1027.8","24","999.9"," 0"," 16.3","24","  7.8","24"," 11.1"," 18.1","   1.4","*"," -23.8","*"," 0.00","I","999.9","000000"
"71749099999","2025-01-22","48.3666666","-89.3333333","199.03","THUNDER BAY A, CA","   7.3","23","   0.1","23","1012.9","23","999.9"," 0","  8.9","23","  6.2","23"," 14.0"," 24.1","  12.2","*","  -4.0","*","99.99"," ","999.9","001000"
"71749099999","2025-01-23","48.3666666","-89.3333333","199.03","THUNDER BAY A, CA","  -1.6","20"," -10.1","20","1023.8","20","999.9"," 0"," 15.3","20","  7.4","20"," 12.0"," 15.9","   8.6","*","  -9.4","*","99.99"," ","999.9","001000"
"71749099999","2025-01-24","48.3666666","-89.3333333","199.03","THUNDER BAY A, CA","  -4.4","24"," -11.4","24","1020.4","24","999.9"," 0"," 15.2","24","  3.7","24","  7.0","999.9","  17.6","*"," -20.2","*","99.99"," ","999.9","001000"
"71749099999","2025-01-25","48.3666666","-89.3333333","199.03","THUNDER BAY A, CA","  17.3","24","  12.9","24","1007.9","24","999.9"," 0","  7.8","24","  4.3","24"," 17.1"," 28.0","  26.6","*","  10.4","*","99.99"," ","999.9","001000"
"71749099999","2025-01-26","48.3666666","-89.3333333","199.03","THUNDER BAY A, CA","  14.8","24","   4.6","24","1016.0","24","999.9"," 0"," 17.0","24"," 10.7","24"," 26.0"," 35.9","  30.2","*","   5.0","*","99.99"," ","999.9","001000"
"71749099999","2025-01-27","48.3666666","-89.3333333","199.03","THUNDER BAY A, CA","  26.7","24","  13.4","24"," 998.5","24","999.9"," 0"," 17.1","24"," 15.0","24"," 20.0"," 40.0","  32.0","*","  17.6","*","99.99"," ","999.9","001000"
"71749099999","2025-01-28","48.3666666","-89.3333333","199.03","THUNDER BAY A, CA","   8.3","24","   0.6","24","1000.5","24","999.9"," 0"," 10.5","24","  5.7","24"," 15.9"," 22.9","  24.8","*","  -7.6","*","99.99"," ","999.9","001000"
"71749099999","2025-01-29","48.3666666","-89.3333333","199.03","THUNDER BAY A, CA","  11.9","24","   1.1","24","1006.7","24","999.9"," 0"," 16.7","24","  8.4","24"," 14.0"," 24.1","  17.6","*","   8.6","*","99.99"," ","999.9","001000"
"71749099999","2025-01-30","48.3666666","-89.3333333","199.03","THUNDER BAY A, CA","  17.6","24","  11.9","24","1010.9","24","999.9"," 0"," 12.6","24","  2.5","24","  5.1","999.9","  32.0","*","   8.6","*","99.99"," ","999.9","001000"
"71749099999","2025-01-31","48.3666666","-89.3333333","199.03","THUNDER BAY A, CA","  19.2","24","  13.2","24","1017.3","24","999.9"," 0"," 16.8","24","  6.1","24"," 12.0"," 21.0","  23.0","*","  10.4","*","99.99"," ","999.9","001000"
"71749099999","2025-02-01","48.3666666","-89.3333333","199.03","THUNDER BAY A, CA","  -4.8","24"," -10.8","24","1031.3","24","999.9"," 0"," 12.8","24","  3.9","24","  9.9","999.9","  14.0","*"," -18.4","*","99.99"," ","999.9","001000"
"71749099999","2025-02-02","48.3666666","-89.3333333","199.03","THUNDER BAY A, CA","  25.4","24","  21.9","24","1014.6","24","999.9"," 0","  7.2","24","  7.2","24"," 11.1"," 21.0","  32.0","*","  15.8","*","99.99"," ","999.9","001000"
"71749099999","2025-02-03","48.3666666","-89.3333333","199.03","THUNDER BAY A, CA","  12.6","24","   1.8","24","1015.7","24","999.9"," 0"," 17.3","24"," 12.1","24"," 19.0"," 28.0","  30.2","*","   5.0","*"," 0.00","I","999.9","000000"
"71749099999","2025-02-04","48.3666666","-89.3333333","199.03","THUNDER BAY A, CA","   2.3","24"," -10.1","24","1031.4","24","999.9"," 0"," 17.0","24","  9.9","24"," 15.0"," 22.9","   8.6","*","  -5.8","*"," 0.00","I","999.9","000000"
"71749099999","2025-02-05","48.3666666","-89.3333333","199.03","THUNDER BAY A, CA","   1.2","24"," -11.0","24","1031.8","24","999.9"," 0"," 17.1","24","  6.0","24","  9.9"," 17.1","  14.0","*","  -9.4","*"," 0.00","I","999.9","000000"
"71749099999","2025-02-06","48.3666666","-89.3333333","199.03","THUNDER BAY A, CA","  14.9","24","   8.1","24","1006.1","24","999.9"," 0","  8.7","24","  8.4","24"," 24.1"," 36.9","  19.4","*","   8.6","*","99.99"," ","999.9","001000"
"71749099999","2025-02-07","48.3666666","-89.3333333","199.03","THUNDER BAY A, CA","  10.6","23","   1.0","23","1016.7","23","999.9"," 0"," 16.4","23"," 12.2","23"," 20.0"," 28.0","  19.4","*","   6.8","*"," 0.00","I","999.9","000000"
"71749099999","2025-02-08","48.3666666","-89.3333333","199.03","THUNDER BAY A, CA","   9.3","24","   1.1","24","1022.2","24","999.9"," 0"," 17.3","24","  5.5","24"," 13.0"," 18.1","  17.6","*","  -4.0","*"," 0.00","I","999.9","000000"
"71749099999","2025-02-09","48.3666666","-89.3333333","199.03","THUNDER BAY A, CA","   7.9","24","  -4.5","24","1024.0","24","999.9"," 0"," 17.3","24","  7.8","24"," 12.0"," 20.0","  15.8","*","  -5.8","*","99.99"," ","999.9","001000"
"71749099999","2025-02-10","48.3666666","-89.3333333","199.03","THUNDER BAY A, CA","   2.4","23","  -8.4","23","1027.5","23","999.9"," 0"," 17.2","23","  7.7","23"," 17.1"," 26.0","  12.2","*","  -9.4","*","99.99"," ","999.9","001000"
"71749099999","2025-02-11","48.3666666","-89.3333333","199.03","THUNDER BAY A, CA"," -10.6","22"," -19.7","22","1030.3","22","999.9"," 0"," 16.8","22","  4.0","22","  8.9","999.9","   6.8","*"," -25.6","*"," 0.00","I","999.9","000000"
"71749099999","2025-02-12","48.3666666","-89.3333333","199.03","THUNDER BAY A, CA"," -10.9","24"," -19.1","24","1025.6","24","999.9"," 0"," 16.5","24","  3.7","24","  6.0","999.9","  10.4","*"," -25.6","*","99.99"," ","999.9","001000"
"71749099999","2025-02-13","48.3666666","-89.3333333","199.03","THUNDER BAY A, CA","   1.6","24"," -10.3","24","1021.4","24","999.9"," 0"," 17.3","24","  6.7","24"," 12.0"," 20.0","   8.6","*"," -11.2","*"," 0.00","I","999.9","000000"
"71749099999","2025-02-14","48.3666666","-89.3333333","199.03","THUNDER BAY A, CA","  -2.2","24"," -11.9","24","1029.2","24","999.9"," 0"," 14.7","24","  2.5","24","  6.0","999.9","  14.0","*"," -16.6","*","99.99"," ","999.9","001000"
"71749099999","2025-02-15","48.3666666","-89.3333333","199.03","THUNDER BAY A, CA","   9.8","24","   1.3","24","1026.0","24","999.9"," 0"," 10.1","24","  5.9","24"," 11.1"," 18.1","  12.2","*","   6.8","*","99.99"," ","999.9","001000"
"71749099999","2025-02-16","48.3666666","-89.3333333","199.03","THUNDER BAY A, CA","   1.2","23"," -11.7","23","1022.9","23","999.9"," 0"," 17.4","23","  7.0","23"," 14.0"," 21.0","   6.8","*","  -4.0","*"," 0.00","I","999.9","000000"
"71749099999","2025-02-17","48.3666666","-89.3333333","199.03","THUNDER BAY A, CA","  -4.7","24"," -15.4","24","1023.0","24","999.9"," 0"," 14.0","24","  6.7","24"," 11.1"," 18.1","   5.0","*"," -13.0","*","99.99"," ","999.9","001000"
"71749099999","2025-02-18","48.3666666","-89.3333333","199.03","THUNDER BAY A, CA","  -2.3","24"," -15.8","24","1032.8","24","999.9"," 0"," 17.3","24"," 10.6","24"," 15.9"," 24.1","   6.8","*","  -7.6","*"," 0.00","I","999.9","000000"
"71749099999","2025-02-19","48.3666666","-89.3333333","199.03","THUNDER BAY A, CA","   7.3","24","  -2.4","24","1035.2","24","999.9"," 0","  8.6","24","  8.0","24"," 14.0"," 22.9","  14.0","*","   3.2","*","99.99"," ","999.9","001000"
"71749099999","2025-02-20","48.3666666","-89.3333333","199.03","THUNDER BAY A, CA","  12.2","21","   0.2","21","1033.4","21","999.9"," 0"," 16.3","21","  5.7","21","  8.9","999.9","  24.8","*","   3.2","*","99.99"," ","999.9","001000"
"71749099999","2025-02-21","48.3666666","-89.3333333","199.03","THUNDER BAY A, CA","   9.1","24","  -2.0","24","1030.0","24","999.9"," 0"," 17.3","24","  5.6","24"," 15.0"," 22.0","  26.6","*","  -5.8","*"," 0.00","I","999.9","000000"
"71749099999","2025-02-22","48.3666666","-89.3333333","199.03","THUNDER BAY A, CA","  24.0","24","  12.2","24","1014.6","24","999.9"," 0"," 15.6","24","  8.2","24"," 13.0"," 19.0","  32.0","*","  19.4","*","99.99"," ","999.9","001000"
"71749099999","2025-02-23","48.3666666","-89.3333333","199.03","THUNDER BAY A, CA","  20.3","24","  15.2","24","1014.9","24","999.9"," 0"," 17.0","24","  3.6","24","  8.0","999.9","  32.0","*","   8.6","*"," 0.00","I","999.9","000000"
"71749099999","2025-02-24","48.3666666","-89.3333333","199.03","THUNDER BAY A, CA","  37.4","24","  32.1","24"," 993.7","24","999.9"," 0"," 16.3","24"," 11.1","24"," 21.0"," 31.1","  42.8","*","  30.2","*","99.99"," ","999.9","011000"
"71749099999","2025-02-25","48.3666666","-89.3333333","199.03","THUNDER BAY A, CA","  32.3","24","  28.9","24","1006.5","24","999.9"," 0"," 15.4","24","  4.8","24","  8.0","999.9","  39.2","*","  26.6","*","99.99"," ","999.9","011000"
"71749099999","2025-02-26","48.3666666","-89.3333333","199.03","THUNDER BAY A, CA","  30.4","24","  27.1","24","1009.8","24","999.9"," 0"," 14.9","24","  2.1","24","  4.1","999.9","  42.8","*","  23.0","*"," 0.00","I","999.9","000000"
"71749099999","2025-02-27","48.3666666","-89.3333333","199.03","THUNDER BAY A, CA","  32.1","24","  26.7","24","1007.7","24","999.9"," 0"," 14.7","24","  6.6","24"," 15.9"," 24.1","  39.2","*","  26.6","*","99.99"," ","999.9","011000"
"71749099999","2025-02-28","48.3666666","-89.3333333","199.03","THUNDER BAY A, CA","  23.0","16","  16.5","16","1003.7","16","999.9"," 0"," 11.0","16","  9.7","16"," 20.0"," 28.0","  28.4","*","  12.2","*","99.99"," ","999.9","001000"
"71749099999","2025-03-01","48.3666666","-89.3333333","199.03","THUNDER BAY A, CA","   5.5","24","  -6.3","24","1020.1","24","999.9"," 0"," 17.3","24","  8.8","24"," 15.0"," 26.0","  17.6","*","  -5.8","*"," 0.00","I","999.9","000000"
"71749099999","2025-03-02","48.3666666","-89.3333333","199.03","THUNDER BAY A, CA","  11.5","23","   0.5","23","1021.8","23","999.9"," 0"," 16.9","23","  4.0","23","  8.9","999.9","  28.4","*","  -0.4","*"," 0.00","I","999.9","000000"
"71749099999","2025-03-03","48.3666666","-89.3333333","199.03","THUNDER BAY A, CA","  24.9","24","  16.8","24","1012.4","24","999.9"," 0"," 17.5","24","  2.9","24","  8.0","999.9","  41.0","*","  12.2","*"," 0.00","I","999.9","000000"
"71749099999","2025-03-04","48.3666666","-89.3333333","199.03","THUNDER BAY A, CA","  28.6","24","  22.3","24","1007.3","24","999.9"," 0"," 17.7","24","  4.9","24","  9.9"," 15.9","  37.4","*","  19.4","*"," 0.00","I","999.9","000000"
"71749099999","2025-03-05","48.3666666","-89.3333333","199.03","THUNDER BAY A, CA","  23.5","24","  13.8","24","1006.1","24","999.9"," 0"," 10.4","24","  9.7","24"," 20.0"," 31.1","  32.0","*","  17.6","*","99.99"," ","999.9","001000"
"71749099999","2025-03-06","48.3666666","-89.3333333","199.03","THUNDER BAY A, CA","  18.1","24","   6.9","24","1006.2","24","999.9"," 0"," 16.9","24","  8.6","24"," 19.0"," 28.9","  30.2","*","   6.8","*","99.99"," ","999.9","001000"
"71749099999","2025-03-07","48.3666666","-89.3333333","199.03","THUNDER BAY A, CA","  14.3","24","  -0.6","24","1010.7","24","999.9"," 0"," 17.5","24","  7.8","24"," 19.0"," 33.0","  26.6","*","   3.2","*"," 0.00","I","999.9","000000"
"71749099999","2025-03-08","48.3666666","-89.3333333","199.03","THUNDER BAY A, CA","  12.3","24","   2.4","24","1012.0","24","999.9"," 0"," 16.8","24","  4.8","24"," 15.9"," 22.0","  37.4","*","  -4.0","*","99.99"," ","999.9","001000"
"71749099999","2025-03-09","48.3666666","-89.3333333","199.03","THUNDER BAY A, CA","  30.7","24","  19.6","24","1005.6","24","999.9"," 0"," 16.5","24","  5.3","24"," 17.1"," 31.1","  51.8","*","  15.8","*","99.99"," ","999.9","001000"
"71749099999","2025-03-10","48.3666666","-89.3333333","199.03","THUNDER BAY A, CA","  33.6","24","  26.1","24","1002.3","24","999.9"," 0"," 17.3","24","  7.0","24"," 15.9","999.9","  44.6","*","  26.6","*"," 0.00","I","999.9","000000"
"71749099999","2025-03-11","48.3666666","-89.3333333","199.03","THUNDER BAY A, CA","  21.4","24","   7.4","24","1008.6","24","999.9"," 0"," 17.5","24"," 10.2","24"," 21.0"," 29.9","  35.6","*","   8.6","*","99.99"," ","999.9","001000"
"71749099999","2025-03-12","48.3666666","-89.3333333","199.03","THUNDER BAY A, CA","  22.1","23","  15.5","23","1013.9","23","999.9"," 0"," 17.2","23","  2.9","23","  8.0","999.9","  32.0","*","  14.0","*"," 0.00","I","999.9","000000"
"71749099999","2025-03-13","48.3666666","-89.3333333","199.03","THUNDER BAY A, CA","  29.4","24","  22.8","24","1011.6","24","999.9"," 0"," 17.3","24","  3.7","24","  8.9","999.9","  44.6","*","  15.8","*"," 0.00","I","999.9","000000"
"71749099999","2025-03-14","48.3666666","-89.3333333","199.03","THUNDER BAY A, CA","  36.6","24","  31.5","24","1004.4","24","999.9"," 0"," 16.9","24"," 10.2","24"," 15.9"," 22.9","  41.0","*","  33.8","*","99.99"," ","999.9","010010"
"71749099999","2025-03-15","48.3666666","-89.3333333","199.03","THUNDER BAY A, CA","  41.1","24","  38.4","24"," 986.6","24","999.9"," 0"," 12.1","24","  8.6","24"," 24.1"," 33.0","  48.2","*","  37.4","*","99.99"," ","999.9","010000"
"71749099999","2025-03-16","48.3666666","-89.3333333","199.03","THUNDER BAY A, CA","  24.1","24","  10.2","24","1003.6","24","999.9"," 0"," 17.7","24"," 13.3","24"," 20.0"," 32.1","  37.4","*","  14.0","*","99.99"," ","999.9","001000"
"71749099999","2025-03-17","48.3666666","-89.3333333","199.03","THUNDER BAY A, CA","  26.9","24","  18.3","24","1014.2","24","999.9"," 0"," 13.8","24","  6.8","24"," 15.9"," 22.0","  30.2","*","  23.0","*","99.99"," ","999.9","001000"
"71749099999","2025-03-18","48.3666666","-89.3333333","199.03","THUNDER BAY A, CA","  32.2","24","  27.0","24","1012.8","24","999.9"," 0"," 13.6","24","  4.4","24","  8.9","999.9","  39.2","*","  28.4","*","99.99"," ","999.9","001000"
"71749099999","2025-03-19","48.3666666","-89.3333333","199.03","THUNDER BAY A, CA","  28.6","24","  20.4","24","1015.4","24","999.9"," 0"," 17.7","24","  5.2","24"," 12.0"," 21.0","  39.2","*","  17.6","*"," 0.00","I","999.9","000000"
"71749099999","2025-03-20","48.3666666","-89.3333333","199.03","THUNDER BAY A, CA","  29.5","24","   8.4","24","1011.8","24","999.9"," 0"," 17.7","24","  7.8","24"," 15.0"," 22.9","  39.2","*","  17.6","*"," 0.00","I","999.9","000000"
"71749099999","2025-03-21","48.3666666","-89.3333333","199.03","THUNDER BAY A, CA","  35.6","24","  19.9","24","1000.3","24","999.9"," 0"," 17.7","24"," 11.5","24"," 19.0"," 28.0","  42.8","*","  24.8","*","99.99"," ","999.9","001000"
"71749099999","2025-03-22","48.3666666","-89.3333333","199.03","THUNDER BAY A, CA","  11.5","24","  -4.1","24","1016.5","24","999.9"," 0"," 16.8","24","  7.2","24"," 15.9"," 25.1","  21.2","*","   1.4","*","99.99"," ","999.9","001000"
"71749099999","2025-03-23","48.3666666","-89.3333333","199.03","THUNDER BAY A, CA","  21.6","24","  17.6","24","1012.8","24","999.9"," 0"," 11.5","24","  8.3","24"," 15.9"," 24.1","  30.2","*","   8.6","*","99.99"," ","999.9","001000"
"71749099999","2025-03-24","48.3666666","-89.3333333","199.03","THUNDER BAY A, CA","  29.3","24","  24.7","24","1004.7","24","999.9"," 0","  7.2","24","  7.5","24"," 15.0"," 21.0","  32.0","*","  26.6","*","99.99"," ","999.9","001000"
"71749099999","2025-03-25","48.3666666","-89.3333333","199.03","THUNDER BAY A, CA","  23.0","24","  15.2","24","1016.6","24","999.9"," 0"," 17.2","24","  5.2","24","  9.9","999.9","  33.8","*","   8.6","*","99.99"," ","999.9","001000"
"71749099999","2025-03-26","48.3666666","-89.3333333","199.03","THUNDER BAY A, CA","  27.0","22","  16.7","22","1020.4","22","999.9"," 0"," 17.5","22","  4.8","22"," 15.0"," 21.0","  50.0","*","   8.6","*","99.99"," ","999.9","010000"
"71749099999","2025-03-27","48.3666666","-89.3333333","199.03","THUNDER BAY A, CA","  35.9","19","  22.1","19","1017.9","19","999.9"," 0"," 16.8","19","  7.2","19"," 11.1"," 18.1","  44.6","*","  30.2","*"," 0.00","I","999.9","000000"
"71749099999","2025-03-28","48.3666666","-89.3333333","199.03","THUNDER BAY A, CA","  28.3","17","  25.9","17","1017.9","17","999.9"," 0","  4.3","17"," 10.3","17"," 17.1"," 27.0","  30.2","*","  26.6","*","99.99"," ","999.9","001000"
"71749099999","2025-03-29","48.3666666","-89.3333333","199.03","THUNDER BAY A, CA","  26.3","24","  17.1","24","1020.4","24","999.9"," 0"," 16.2","24"," 10.0","24"," 17.1"," 27.0","  30.2","*","  23.0","*","99.99"," ","999.9","001000"
"71749099999","2025-03-30","48.3666666","-89.3333333","199.03","THUNDER BAY A, CA","  29.0","24","   9.0","24","1018.9","24","999.9"," 0"," 17.7","24","  8.6","24"," 15.0"," 24.1","  32.0","*","  24.8","*"," 0.00","I","999.9","000000"
"71749099999","2025-03-31","48.3666666","-89.3333333","199.03","THUNDER BAY A, CA","  28.0","24","   2.3","24","1015.5","24","999.9"," 0"," 17.7","24","  7.5","24"," 18.1"," 26.0","  37.4","*","  19.4","*"," 0.00","I","999.9","000000"
"71749099999","2025-04-01","48.3666666","-89.3333333","199.03","THUNDER BAY A, CA","  24.4","24","  10.1","24","1021.0","24","999.9"," 0"," 18.1","24","  4.7","24"," 11.1"," 17.1","  35.6","*","  10.4","*"," 0.00","I","999.9","000000"
"71749099999","2025-04-02","48.3666666","-89.3333333","199.03","THUNDER BAY A, CA","  30.8","24","  25.6","24","1014.1","24","999.9"," 0"," 10.8","24"," 14.9","24"," 28.0"," 41.0","  32.0","*","  26.6","*","99.99"," ","999.9","011000"
"71749099999","2025-04-03","48.3666666","-89.3333333","199.03","THUNDER BAY A, CA","  31.2","24","  27.1","24","1001.9","24","999.9"," 0","  9.8","24"," 11.0","24"," 20.0"," 32.1","  37.4","*","  26.6","*","99.99"," ","999.9","001000"
"71749099999","2025-04-04","48.3666666","-89.3333333","199.03","THUNDER BAY A, CA","  31.9","24","  27.8","24","1024.4","24","999.9"," 0"," 17.7","24","  4.4","24"," 11.1"," 15.9","  42.8","*","  17.6","*"," 0.00","I","999.9","000000"
"71749099999","2025-04-05","48.3666666","-89.3333333","199.03","THUNDER BAY A, CA","  34.0","24","  22.8","24","1021.3","24","999.9"," 0"," 17.7","24","  8.9","24"," 20.0"," 29.9","  39.2","*","  30.2","*","99.99"," ","999.9","011000"
"71749099999","2025-04-06","48.3666666","-89.3333333","199.03","THUNDER BAY A, CA","  27.2","24","  16.5","24","1017.6","24","999.9"," 0"," 15.7","24","  5.3","24"," 14.0"," 22.0","  35.6","*","  14.0","*","99.99"," ","999.9","001000"
"71749099999","2025-04-07","48.3666666","-89.3333333","199.03","THUNDER BAY A, CA","  22.7","24","   9.1","24","1020.5","24","999.9"," 0"," 15.8","24","  8.7","24"," 14.0"," 22.9","  30.2","*","  14.0","*","99.99"," ","999.9","001000"
"71749099999","2025-04-08","48.3666666","-89.3333333","199.03","THUNDER BAY A, CA","  21.1","24","   2.7","24","1022.2","24","999.9"," 0"," 18.1","24","  6.1","24"," 13.0"," 18.1","  33.8","*","   6.8","*"," 0.00","I","999.9","000000"
"71749099999","2025-04-09","48.3666666","-89.3333333","199.03","THUNDER BAY A, CA","  28.9","24","  19.7","24","1018.9","24","999.9"," 0"," 18.1","24","  5.0","24"," 14.0"," 15.0","  39.2","*","  21.2","*","99.99"," ","999.9","001000"
"71749099999","2025-04-10","48.3666666","-89.3333333","199.03","THUNDER BAY A, CA","  33.1","24","  26.9","24","1022.1","24","999.9"," 0"," 17.7","24","  5.5","24"," 11.1","999.9","  42.8","*","  23.0","*"," 0.00","I","999.9","000000"
"71749099999","2025-04-11","48.3666666","-89.3333333","199.03","THUNDER BAY A, CA","  37.7","24","  25.2","24","1023.4","24","999.9"," 0"," 18.1","24","  5.5","24"," 14.0"," 22.0","  59.0","*","  21.2","*"," 0.00","I","999.9","000000"
"71749099999","2025-04-12","48.3666666","-89.3333333","199.03","THUNDER BAY A, CA","  36.1","24","  30.0","24","1018.1","24","999.9"," 0"," 17.7","24","  4.0","24"," 12.0"," 15.9","  50.0","*","  26.6","*","99.99"," ","999.9","010000"
"71749099999","2025-04-13","48.3666666","-89.3333333","199.03","THUNDER BAY A, CA","  36.9","24","  33.6","24","1010.0","24","999.9"," 0"," 15.7","24","  3.5","24","  9.9"," 17.1","  50.0","*","  28.4","*","99.99"," ","999.9","010000"
"71749099999","2025-04-14","48.3666666","-89.3333333","199.03","THUNDER BAY A, CA","  36.9","24","  36.1","24"," 999.2","24","999.9"," 0","  7.7","24","  7.1","24"," 14.0"," 25.1","  39.2","*","  35.6","*","99.99"," ","999.9","010000"
"71749099999","2025-04-15","48.3666666","-89.3333333","199.03","THUNDER BAY A, CA","  33.3","24","  25.3","24","1010.8","24","999.9"," 0"," 17.9","24"," 13.7","24"," 18.1"," 34.0","  37.4","*","  30.2","*","99.99"," ","999.9","011000"
"71749099999","2025-04-16","48.3666666","-89.3333333","199.03","THUNDER BAY A, CA","  32.6","24","  19.7","24","1020.4","24","999.9"," 0"," 17.9","24","  6.0","24"," 11.1"," 19.0","  44.6","*","  19.4","*"," 0.00","I","999.9","000000"
"71749099999","2025-04-17","48.3666666","-89.3333333","199.03","THUNDER BAY A, CA","  36.1","24","  25.4","24","1013.9","24","999.9"," 0"," 17.5","24","  7.9","24"," 15.0"," 22.0","  48.2","*","  24.8","*","99.99"," ","999.9","010000"
"71749099999","2025-04-18","48.3666666","-89.3333333","199.03","THUNDER BAY A, CA","  38.9","24","  35.9","24","1006.6","24","999.9"," 0"," 16.3","24","  5.2","24","  8.9"," 15.0","  44.6","*","  32.0","*","99.99"," ","999.9","010000"
"71749099999","2025-04-19","48.3666666","-89.3333333","199.03","THUNDER BAY A, CA","  38.4","24","  31.6","24","1015.6","24","999.9"," 0"," 18.1","24","  3.8","24","  8.0","999.9","  42.8","*","  33.8","*","99.99"," ","999.9","001000"
"71749099999","2025-04-20","48.3666666","-89.3333333","199.03","THUNDER BAY A, CA","  35.7","24","  29.1","24","1027.2","24","999.9"," 0"," 13.7","24","  4.8","24"," 13.0"," 18.1","  50.0","*","  23.0","*"," 0.00","I","999.9","100000"
"71749099999","2025-04-21","48.3666666","-89.3333333","199.03","THUNDER BAY A, CA","  36.4","24","  32.5","24","1014.8","24","999.9"," 0"," 12.4","24","  7.7","24"," 13.0"," 20.0","  44.6","*","  32.0","*","99.99"," ","999.9","011000"
"71749099999","2025-04-22","48.3666666","-89.3333333","199.03","THUNDER BAY A, CA","  36.1","24","  30.0","24","1016.7","24","999.9"," 0"," 18.1","24","  5.1","24"," 14.0"," 19.0","  50.0","*","  24.8","*"," 0.00","I","999.9","000000"
"71749099999","2025-04-23","48.3666666","-89.3333333","199.03","THUNDER BAY A, CA","  39.3","24","  35.2","24","1019.3","24","999.9"," 0"," 17.7","24","  7.8","24"," 13.0"," 18.1","  48.2","*","  33.8","*","99.99"," ","999.9","010000"
"71749099999","2025-04-24","48.3666666","-89.3333333","199.03","THUNDER BAY A, CA","  42.3","24","  35.7","24","1023.3","24","999.9"," 0"," 18.1","24","  4.9","24","  8.9","999.9","  53.6","*","  32.0","*"," 0.00","I","999.9","000000"
"71749099999","2025-04-25","48.3666666","-89.3333333","199.03","THUNDER BAY A, CA","  44.0","24","  35.2","24","1026.0","24","999.9"," 0"," 18.1","24","  4.4","24"," 11.1"," 19.0","  53.6","*","  37.4","*","99.99"," ","999.9","010000"
"71749099999","2025-04-26","48.3666666","-89.3333333","199.03","THUNDER BAY A, CA","  43.3","24","  28.9","24","1027.5","24","999.9"," 0"," 17.9","24","  5.8","24"," 11.1"," 19.0","  60.8","*","  28.4","*"," 0.00","I","999.9","000000"
"71749099999","2025-04-27","48.3666666","-89.3333333","199.03","THUNDER BAY A, CA","  40.9","24","  27.6","24","1023.9","24","999.9"," 0"," 17.9","24","  5.0","24"," 14.0"," 24.1","  57.2","*","  28.4","*","99.99"," ","999.9","010000"
"71749099999","2025-04-28","48.3666666","-89.3333333","199.03","THUNDER BAY A, CA","  41.7","23","  39.4","23","1012.2","23","999.9"," 0"," 12.0","23","  6.8","23"," 14.0"," 15.9","  44.6","*","  39.2","*","99.99"," ","999.9","010010"
"71749099999","2025-04-29","48.3666666","-89.3333333","199.03","THUNDER BAY A, CA","  36.2","24","  30.2","24","1009.1","24","999.9"," 0"," 13.4","24","  8.2","24"," 15.9"," 28.0","  44.6","*","  28.4","*","99.99"," ","999.9","011010"
"71749099999","2025-04-30","48.3666666","-89.3333333","199.03","THUNDER BAY A, CA","  32.1","24","  25.3","24","1020.9","24","999.9"," 0"," 18.1","24","  5.8","24"," 15.0"," 20.0","  41.0","*","  21.2","*"," 0.00","I","999.9","000000"
"71749099999","2025-05-01","48.3666666","-89.3333333","199.03","THUNDER BAY A, CA","  39.8","24","  36.1","24","1012.9","24","999.9"," 0"," 18.1","24","  7.1","24"," 14.0"," 17.1","  48.2","*","  33.8","*","99.99"," ","999.9","010000"
"71749099999","2025-05-02","48.3666666","-89.3333333","199.03","THUNDER BAY A, CA","  39.0","24","  36.9","24","1014.0","24","999.9"," 0"," 14.5","24","  3.7","24","  7.0","999.9","  42.8","*","  33.8","*","99.99"," ","999.9","011000"
"71749099999","2025-05-03","48.3666666","-89.3333333","199.03","THUNDER BAY A, CA","  45.2","24","  37.1","24","1016.0","24","999.9"," 0"," 17.9","24","  5.2","24"," 17.1"," 22.9","  60.8","*","  33.8","*"," 0.00","I","999.9","000000"
"71749099999","2025-05-04","48.3666666","-89.3333333","199.03","THUNDER BAY A, CA","  43.2","24","  35.9","24","1018.7","24","999.9"," 0"," 18.3","24","  7.7","24"," 11.1"," 15.0","  53.6","*","  30.2","*"," 0.00","I","999.9","000000"
"71749099999","2025-05-05","48.3666666","-89.3333333","199.03","THUNDER BAY A, CA","  45.1","24","  35.0","24","1020.5","24","999.9"," 0"," 18.3","24","  5.9","24"," 13.0"," 17.1","  62.6","*","  28.4","*"," 0.00","I","999.9","000000"
"71749099999","2025-05-06","48.3666666","-89.3333333","199.03","THUNDER BAY A, CA","  50.9","24","  36.0","24","1016.1","24","999.9"," 0"," 18.3","24","  5.8","24"," 13.0"," 24.1","  71.6","*","  32.0","*"," 0.00","I","999.9","000000"
"71749099999","2025-05-07","48.3666666","-89.3333333","199.03","THUNDER BAY A, CA","  48.2","24","  33.2","24","1026.0","24","999.9"," 0"," 18.3","24","  6.7","24"," 13.0"," 21.0","  60.8","*","  33.8","*"," 0.00","I","999.9","000000"
"71749099999","2025-05-08","48.3666666","-89.3333333","199.03","THUNDER BAY A, CA","  38.6","24","  27.6","24","1030.0","24","999.9"," 0"," 18.3","24","  6.1","24"," 12.0"," 18.1","  50.0","*","  24.8","*"," 0.00","I","999.9","000000"
"71749099999","2025-05-09","48.3666666","-89.3333333","199.03","THUNDER BAY A, CA","  42.6","24","  27.9","24","1021.3","24","999.9"," 0"," 18.5","24","  4.9","24"," 17.1"," 26.0","9999.9"," ","  24.8","*"," 0.00","I","999.9","000000"
"71749099999","2025-05-10","48.3666666","-89.3333333","199.03","THUNDER BAY A, CA","  52.5","24","  31.6","24","1026.0","24","999.9"," 0"," 18.1","24","  7.0","24"," 13.0"," 28.0","  75.2","*","  35.6","*"," 0.00","I","999.9","000000"
"71749099999","2025-05-11","48.3666666","-89.3333333","199.03","THUNDER BAY A, CA","  49.7","24","  33.2","24","1022.0","24","999.9"," 0"," 18.1","24","  7.6","24"," 15.9"," 20.0","  68.0","*","  41.0","*","99.99"," ","999.9","010000"
"71749099999","2025-05-12","48.3666666","-89.3333333","199.03","THUNDER BAY A, CA","  52.3","23","  38.9","23","1013.8","23","999.9"," 0"," 18.0","23","  8.2","23"," 15.9"," 22.0","  66.2","*","  41.0","*"," 0.00","I","999.9","000000"
"71749099999","2025-05-13","48.3666666","-89.3333333","199.03","THUNDER BAY A, CA","  56.6","24","  41.4","24","1009.6","24","999.9"," 0"," 18.3","24","  6.6","24"," 15.0"," 25.1","  84.2","*","  35.6","*"," 0.00","I","999.9","000000"
"71749099999","2025-05-14","48.3666666","-89.3333333","199.03","THUNDER BAY A, CA","  57.7","24","  49.9","24","1007.9","24","999.9"," 0"," 18.3","24","  7.2","24"," 14.0"," 19.0","  71.6","*","  44.6","*"," 0.00","I","999.9","000000"
"71749099999","2025-05-15","48.3666666","-89.3333333","199.03","THUNDER BAY A, CA","  54.1","24","  53.7","24","1005.0","24","999.9"," 0","  3.6","24","  9.8","24"," 17.1"," 22.9","  59.0","*","  50.0","*","99.99"," ","999.9","110000"
"71749099999","2025-05-16","48.3666666","-89.3333333","199.03","THUNDER BAY A, CA","  54.3","24","  51.0","24"," 994.2","24","999.9"," 0"," 10.7","24","  8.3","24"," 19.0"," 28.9","  60.8","*","  46.4","*","99.99"," ","999.9","110010"
"71749099999","2025-05-17","48.3666666","-89.3333333","199.03","THUNDER BAY A, CA","  49.6","24","  43.9","24"," 998.4","24","999.9"," 0"," 18.3","24","  7.3","24"," 17.1"," 28.0","  59.0","*","  41.0","*","99.99"," ","999.9","010000"
"71749099999","2025-05-18","48.3666666","-89.3333333","199.03","THUNDER BAY A, CA","  36.6","24","  32.2","24","1018.4","24","999.9"," 0"," 16.0","24","  5.2","24"," 11.1"," 21.0","  41.0","*","  33.8","*","99.99"," ","999.9","011000"
"71749099999","2025-05-19","48.3666666","-89.3333333","199.03","THUNDER BAY A, CA","  38.5","24","  26.5","24","1026.4","24","999.9"," 0"," 18.3","24","  7.1","24"," 14.0"," 22.0","  51.8","*","  24.8","*"," 0.00","I","999.9","000000"
"71749099999","2025-05-20","48.3666666","-89.3333333","199.03","THUNDER BAY A, CA","  43.9","24","  24.8","24","1023.4","24","999.9"," 0"," 18.3","24"," 13.0","24"," 21.0"," 28.9","  57.2","*","  32.0","*"," 0.00","I","999.9","000000"
"71749099999","2025-05-21","48.3666666","-89.3333333","199.03","THUNDER BAY A, CA","  52.5","24","  28.3","24","1017.9","24","999.9"," 0"," 17.9","24"," 12.1","24"," 18.1"," 26.0","  62.6","*","  44.6","*"," 0.00","I","999.9","000000"
"71749099999","2025-05-22","48.3666666","-89.3333333","199.03","THUNDER BAY A, CA","  48.5","24","  33.5","24","1018.8","24","999.9"," 0"," 18.3","24","  6.2","24"," 13.0"," 21.0","  60.8","*","  35.6","*"," 0.00","I","999.9","000000"
"71749099999","2025-05-23","48.3666666","-89.3333333","199.03","THUNDER BAY A, CA","  49.2","24","  37.5","24","1020.6","24","999.9"," 0"," 18.1","24","  6.0","24"," 11.1"," 17.1","  59.0","*","  42.8","*","99.99"," ","999.9","010000"
"71749099999","2025-05-24","48.3666666","-89.3333333","199.03","THUNDER BAY A, CA","  48.5","24","  41.8","24","1024.0","24","999.9"," 0"," 18.3","24","  4.3","24","  8.9","999.9","  55.4","*","  39.2","*","99.99"," ","999.9","010000"
"71749099999","2025-05-25","48.3666666","-89.3333333","199.03","THUNDER BAY A, CA","  51.0","24","  41.5","24","1027.2","24","999.9"," 0"," 18.1","24","  4.4","24","  8.9"," 15.0","  66.2","*","  37.4","*"," 0.00","I","999.9","000000"
"71749099999","2025-05-26","48.3666666","-89.3333333","199.03","THUNDER BAY A, CA","  55.0","24","  38.5","24","1027.8","24","999.9"," 0"," 18.3","24","  5.6","24"," 13.0"," 20.0","  69.8","*","  35.6","*"," 0.00","I","999.9","000000"
"71749099999","2025-05-27","48.3666666","-89.3333333","199.03","THUNDER BAY A, CA","  55.2","22","  39.4","22","1026.8","22","999.9"," 0"," 18.4","22","  6.0","22"," 14.0"," 19.0","  71.6","*","  35.6","*"," 0.00","I","999.9","000000"
"71749099999","2025-05-28","48.3666666","-89.3333333","199.03","THUNDER BAY A, CA","  59.7","24","  40.4","24","1023.4","24","999.9"," 0"," 18.3","24","  4.3","24","  9.9","999.9","  77.0","*","  39.2","*"," 0.00","I","999.9","000000"
"71749099999","2025-05-29","48.3666666","-89.3333333","199.03","THUNDER BAY A, CA","  64.0","24","  42.3","24","1015.8","24","999.9"," 0"," 18.0","24","  5.1","24","  9.9"," 20.0","  82.4","*","  42.8","*"," 0.00","I","999.9","000000"
"71749099999","2025-05-30","48.3666666","-89.3333333","199.03","THUNDER BAY A, CA","  68.0","24","  41.5","24","1007.8","24","999.9"," 0"," 14.2","24","  7.4","24"," 14.0"," 25.1","  78.8","*","  59.0","*"," 0.00","I","999.9","000000"
"71749099999","2025-05-31","48.3666666","-89.3333333","199.03","THUNDER BAY A, CA","  53.4","24","  33.5","24","1011.6","24","999.9"," 0"," 18.3","24","  5.3","24"," 13.0"," 15.0","  68.0","*","  35.6","*"," 0.00","I","999.9","000000"
"71749099999","2025-06-01","48.3666666","-89.3333333","199.03","THUNDER BAY A, CA","  52.7","24","  32.2","24","1012.7","24","999.9"," 0"," 18.8","24","  5.2","24"," 11.1"," 20.0","  69.8","*","  33.8","*"," 0.00","I","999.9","000000"
"71749099999","2025-06-02","48.3666666","-89.3333333","199.03","THUNDER BAY A, CA","  52.6","23","  36.6","23","1008.4","23","999.9"," 0"," 18.5","23","  5.4","23","  9.9"," 17.1","  62.6","*","  41.0","*"," 0.00","I","999.9","000000"
"71749099999","2025-06-03","48.3666666","-89.3333333","199.03","THUNDER BAY A, CA","  58.9","24","  50.9","24","1006.0","24","999.9"," 0","  7.5","24","  5.2","24","  8.9","999.9","  68.0","*","  51.8","*","99.99"," ","999.9","010000"
"71749099999","2025-06-04","48.3666666","-89.3333333","199.03","THUNDER BAY A, CA","  60.8","24","  43.2","24","1010.8","24","999.9"," 0"," 14.5","24","  7.2","24"," 18.1"," 28.9","  77.0","*","  41.0","*"," 0.00","I","999.9","000000"
"71749099999","2025-06-05","48.3666666","-89.3333333","199.03","THUNDER BAY A, CA","  59.0","24","  41.9","24","1017.6","24","999.9"," 0"," 17.2","24","  5.3","24"," 14.0"," 20.0","  73.4","*","  39.2","*","99.99"," ","999.9","010000"
"71749099999","2025-06-06","48.3666666","-89.3333333","199.03","THUNDER BAY A, CA","  58.0","24","  44.1","24","1018.2","24","999.9"," 0"," 10.4","24","  4.8","24"," 11.1"," 18.1","  73.4","*","  42.8","*"," 0.00","I","999.9","000000"
"71749099999","2025-06-07","48.3666666","-89.3333333","199.03","THUNDER BAY A, CA","  54.1","24","  44.2","24","1014.8","24","999.9"," 0"," 15.3","24","  5.5","24"," 11.1"," 15.9","  68.0","*","  37.4","*"," 0.00","I","999.9","000000"
"71749099999","2025-06-08","48.3666666","-89.3333333","199.03","THUNDER BAY A, CA","  54.2","21","  48.6","21","1003.7","21","999.9"," 0","  8.9","21","  8.5","21"," 12.0"," 18.1","  62.6","*","  50.0","*","99.99"," ","999.9","010010"
"71749099999","2025-06-09","48.3666666","-89.3333333","199.03","THUNDER BAY A, CA","  52.7","23","  50.2","23","1000.8","23","999.9"," 0","  5.9","23","  4.8","23"," 11.1","999.9","  64.4","*","  48.2","*","99.99"," ","999.9","110000"
"71749099999","2025-06-10","48.3666666","-89.3333333","199.03","THUNDER BAY A, CA","  57.4","23","  51.4","23","1005.0","23","999.9"," 0"," 15.2","23","  6.9","23"," 12.0"," 20.0","  64.4","*","  50.0","*"," 0.00","I","999.9","000000"
"71749099999","2025-06-11","48.3666666","-89.3333333","199.03","THUNDER BAY A, CA","  58.8","21","  49.7","21","1011.2","21","999.9"," 0"," 16.4","21","  6.9","21"," 15.9"," 26.0","  71.6","*","  50.0","*"," 0.00","I","999.9","000000"
"71749099999","2025-06-12","48.3666666","-89.3333333","199.03","THUNDER BAY A, CA","  51.4","21","  40.0","21","1023.3","21","999.9"," 0"," 18.3","21","  4.6","21"," 12.0","999.9","  60.8","*","  37.4","*"," 0.00","I","999.9","000000"
"71749099999","2025-06-13","48.3666666","-89.3333333","199.03","THUNDER BAY A, CA","  50.3","24","  39.5","24","1025.1","24","999.9"," 0"," 18.3","24","  5.7","24"," 13.0"," 15.9","  60.8","*","  37.4","*"," 0.00","I","999.9","000000"
"71749099999","2025-06-14","48.3666666","-89.3333333","199.03","THUNDER BAY A, CA","  50.7","24","  37.0","24","1023.4","24","999.9"," 0"," 18.5","24","  5.6","24"," 11.1"," 15.9","  64.4","*","  32.0","*"," 0.00","I","999.9","000000"
"71749099999","2025-06-15","48.3666666","-89.3333333","199.03","THUNDER BAY A, CA","  53.5","24","  42.4","24","1022.7","24","999.9"," 0"," 18.5","24","  5.3","24"," 11.1"," 17.1","  68.0","*","  35.6","*"," 0.00","I","999.9","000000"
"71749099999","2025-06-16","48.3666666","-89.3333333","199.03","THUNDER BAY A, CA","  60.5","24","  51.2","24","1014.8","24","999.9"," 0"," 18.1","24","  4.6","24"," 12.0"," 17.1","  75.2","*","  48.2","*","99.99"," ","999.9","010000"
"71749099999","2025-06-17","48.3666666","-89.3333333","199.03","THUNDER BAY A, CA","  64.5","24","  58.2","24","1005.5","24","999.9"," 0"," 14.8","24","  8.3","24"," 15.0"," 24.1","  80.6","*","  53.6","*","99.99"," ","999.9","010010"
"71749099999","2025-06-18","48.3666666","-89.3333333","199.03","THUNDER BAY A, CA","  66.3","24","  58.2","24","1007.7","24","999.9"," 0"," 17.5","24","  4.6","24"," 11.1"," 17.1","  78.8","*","  53.6","*","99.99"," ","999.9","010000"
"71749099999","2025-06-19","48.3666666","-89.3333333","199.03","THUNDER BAY A, CA","  59.3","24","  54.0","24","1011.2","24","999.9"," 0"," 18.5","24","  5.0","24"," 11.1","999.9","  66.2","*","  51.8","*","99.99"," ","999.9","010000"
"71749099999","2025-06-20","48.3666666","-89.3333333","199.03","THUNDER BAY A, CA","  56.8","24","  51.9","24","1011.7","24","999.9"," 0"," 18.5","24","  6.3","24"," 13.0"," 17.1","  64.4","*","  46.4","*"," 0.00","I","999.9","000000"
"71749099999","2025-06-21","48.3666666","-89.3333333","199.03","THUNDER BAY A, CA","  63.9","23","  58.3","23","1004.0","23","999.9"," 0"," 14.9","23","  7.7","23"," 15.9"," 29.9","  82.4","*","  53.6","*","99.99"," ","999.9","110010"
"71749099999","2025-06-22","48.3666666","-89.3333333","199.03","THUNDER BAY A, CA","  62.7","24","  60.7","24","1009.3","24","999.9"," 0"," 15.5","24","  8.8","24"," 14.0"," 22.9","  77.0","*","  59.0","*","99.99"," ","999.9","010000"
"71749099999","2025-06-23","48.3666666","-89.3333333","199.03","THUNDER BAY A, CA","  67.7","24","  62.3","24","1008.2","24","999.9"," 0"," 14.6","24","  9.0","24"," 19.0"," 28.9","  80.6","*","  57.2","*","99.99"," ","999.9","010010"
"71749099999","2025-06-24","48.3666666","-89.3333333","199.03","THUNDER BAY A, CA","  64.6","24","  51.3","24","1019.9","24","999.9"," 0"," 18.2","24","  6.6","24"," 17.1"," 27.0","  77.0","*","  50.0","*"," 0.00","I","999.9","000000"
"71749099999","2025-06-25","48.3666666","-89.3333333","199.03","THUNDER BAY A, CA","  60.4","24","  52.3","24","1023.1","24","999.9"," 0"," 18.3","24","  3.6","24","  7.0","999.9","  73.4","*","  44.6","*"," 0.00","I","999.9","000000"
"71749099999","2025-06-26","48.3666666","-89.3333333","199.03","THUNDER BAY A, CA","  60.5","24","  51.7","23","1020.7","24","999.9"," 0"," 18.3","24","  3.9","24","  9.9","999.9","  71.6","*","  46.4","*","99.99"," ","999.9","010000"
"71749099999","2025-06-27","48.3666666","-89.3333333","199.03","THUNDER BAY A, CA","  60.9","24","  57.3","24","1013.2","24","999.9"," 0"," 12.5","24","  6.4","24"," 15.0"," 22.9","  69.8","*","  55.4","*","99.99"," ","999.9","010000"
"71749099999","2025-06-28","48.3666666","-89.3333333","199.03","THUNDER BAY A, CA","  64.9","24","  57.0","24","1013.4","24","999.9"," 0"," 18.4","24","  5.0","24"," 13.0"," 15.0","  78.8","*","  50.0","*"," 0.00","I","999.9","000000"
"71749099999","2025-06-29","48.3666666","-89.3333333","199.03","THUNDER BAY A, CA","  64.2","24","  59.5","24","1010.3","24","999.9"," 0"," 18.5","24","  4.8","24","  9.9","999.9","  77.0","*","  55.4","*","99.99"," ","999.9","010010"
"71749099999","2025-06-30","48.3666666","-89.3333333","199.03","THUNDER BAY A, CA","  66.0","24","  60.0","21","1007.5","24","999.9"," 0"," 14.4","24","  4.5","24"," 17.1"," 27.0","  78.8","*","  51.8","*","99.99"," ","999.9","110000"
"71749099999","2025-07-01","48.3666666","-89.3333333","199.03","THUNDER BAY A, CA","  70.1","24","  60.0","24","1008.3","23","999.9"," 0"," 18.3","24","  6.7","24"," 32.1"," 46.0","  84.2","*","  57.2","*","99.99"," ","999.9","010010"
"71749099999","2025-07-02","48.3666666","-89.3333333","199.03","THUNDER BAY A, CA","  67.3","23","  56.1","23","1010.5","23","999.9"," 0"," 15.5","23","  4.8","23"," 11.1"," 15.9","  80.6","*","  53.6","*"," 0.00","I","999.9","000000"
"71749099999","2025-07-03","48.3666666","-89.3333333","199.03","THUNDER BAY A, CA","  63.9","24","  50.6","24","1015.8","23","999.9"," 0"," 18.1","24","  5.4","24","  9.9"," 17.1","  77.0","*","  46.4","*"," 0.00","I","999.9","000000"
"71749099999","2025-07-04","48.3666666","-89.3333333","199.03","THUNDER BAY A, CA","  59.0","24","  53.8","24","1014.0","24","999.9"," 0"," 16.7","24","  4.5","24"," 15.0"," 28.9","  69.8","*","  50.0","*","99.99"," ","999.9","010010"
"71749099999","2025-07-05","48.3666666","-89.3333333","199.03","THUNDER BAY A, CA","  65.1","24","  61.9","24","1009.7","24","999.9"," 0"," 13.7","24","  3.9","24","  8.9","999.9","  82.4","*","  55.4","*","99.99"," ","999.9","010010"
"71749099999","2025-07-06","48.3666666","-89.3333333","199.03","THUNDER BAY A, CA","  66.0","24","  54.2","24","1015.5","24","999.9"," 0"," 18.5","24","  5.6","24"," 11.1"," 15.0","  78.8","*","  59.0","*"," 0.00","I","999.9","000000"
"71749099999","2025-07-07","48.3666666","-89.3333333","199.03","THUNDER BAY A, CA","  61.5","24","  51.1","24","1018.1","24","999.9"," 0"," 18.5","24","  4.4","24"," 11.1"," 19.0","  73.4","*","  46.4","*"," 0.00","I","999.9","000000"
"71749099999","2025-07-08","48.3666666","-89.3333333","199.03","THUNDER BAY A, CA","  60.0","24","  52.8","24","1017.9","24","999.9"," 0"," 17.3","24","  4.5","24","  8.9","999.9","  68.0","*","  55.4","*","99.99"," ","999.9","010000"
"71749099999","2025-07-09","48.3666666","-89.3333333","199.03","THUNDER BAY A, CA","  62.4","24","  52.7","24","1019.4","24","999.9"," 0"," 18.3","24","  4.5","24","  9.9"," 15.0","  75.2","*","  50.0","*"," 0.00","I","999.9","000000"
"71749099999","2025-07-10","48.3666666","-89.3333333","199.03","THUNDER BAY A, CA","  61.3","24","  53.5","24","1015.3","24","999.9"," 0"," 18.5","24","  4.2","24"," 11.1"," 15.0","  73.4","*","  46.4","*"," 0.00","I","999.9","000000"
"71749099999","2025-07-11","48.3666666","-89.3333333","199.03","THUNDER BAY A, CA","  64.6","24","  58.4","24","1011.2","24","999.9"," 0"," 18.5","24","  5.1","24","  9.9"," 15.0","  77.0","*","  53.6","*"," 0.00","I","999.9","000000"
"71749099999","2025-07-12","48.3666666","-89.3333333","199.03","THUNDER BAY A, CA","  65.6","24","  61.2","24","1008.0","24","999.9"," 0"," 14.6","24","  4.7","24"," 11.1"," 15.9","  75.2","*","  59.0","*","99.99"," ","999.9","010010"
"71749099999","2025-07-13","48.3666666","-89.3333333","199.03","THUNDER BAY A, CA","  69.6","24","  59.3","24","1007.7","24","999.9"," 0","  5.8","24","  8.8","24"," 15.9"," 28.0","  84.2","*","  57.2","*"," 0.00","I","999.9","000000"
"71749099999","2025-07-14","48.3666666","-89.3333333","199.03","THUNDER BAY A, CA","  70.9","22","  60.3","22","1011.2","22","999.9"," 0"," 13.3","22","  6.3","22"," 15.0"," 21.0","  82.4","*","  57.2","*","99.99"," ","999.9","010000"
"71749099999","2025-07-15","48.3666666","-89.3333333","199.03","THUNDER BAY A, CA","  65.4","24","  61.3","24","1013.7","24","999.9"," 0"," 10.9","24","  4.7","24"," 12.0"," 15.9","  77.0","*","  57.2","*","99.99"," ","999.9","010010"
"71749099999","2025-07-16","48.3666666","-89.3333333","199.03","THUNDER BAY A, CA","  58.1","24","  52.3","24","1016.8","24","999.9"," 0"," 17.5","24","  5.8","24","  9.9"," 18.1","  64.4","*","  51.8","*","99.99"," ","999.9","010000"
"71749099999","2025-07-17","48.3666666","-89.3333333","199.03","THUNDER BAY A, CA","  61.5","24","  48.8","24","1017.8","24","999.9"," 0"," 18.3","24","  5.1","24","  9.9"," 18.1","  75.2","*","  46.4","*"," 0.00","I","999.9","000000"
"71749099999","2025-07-18","48.3666666","-89.3333333","199.03","THUNDER BAY A, CA","  60.4","24","  51.6","24","1018.6","24","999.9"," 0"," 15.5","24","  4.8","24"," 11.1"," 19.0","  73.4","*","  46.4","*","99.99"," ","999.9","010000"
"71749099999","2025-07-19","48.3666666","-89.3333333","199.03","THUNDER BAY A, CA","  62.0","24","  52.9","24","1015.2","24","999.9"," 0"," 16.5","24","  4.7","24","  8.9"," 20.0","  77.0","*","  46.4","*"," 0.00","I","999.9","100000"
"71749099999","2025-07-20","48.3666666","-89.3333333","199.03","THUNDER BAY A, CA","  64.8","24","  53.0","24","1016.6","24","999.9"," 0"," 17.8","24","  4.0","24","  8.9"," 15.0","  78.8","*","  50.0","*"," 0.00","I","999.9","000000"
"71749099999","2025-07-21","48.3666666","-89.3333333","199.03","THUNDER BAY A, CA","  63.5","24","  53.2","24","1019.2","24","999.9"," 0"," 18.1","24","  4.6","24","  9.9","999.9","  77.0","*","  50.0","*"," 0.00","I","999.9","000000"
"71749099999","2025-07-22","48.3666666","-89.3333333","199.03","THUNDER BAY A, CA","  65.9","24","  58.6","24","1015.7","24","999.9"," 0"," 18.1","24","  5.6","24","  9.9"," 15.9","  73.4","*","  59.0","*","99.99"," ","999.9","010000"
"71749099999","2025-07-23","48.3666666","-89.3333333","199.03","THUNDER BAY A, CA","  65.2","24","  64.6","24","1010.9","24","999.9"," 0","  6.4","24","  4.3","24","  8.0","999.9","  71.6","*","  62.6","*","99.99"," ","999.9","110010"
"71749099999","2025-07-24","48.3666666","-89.3333333","199.03","THUNDER BAY A, CA","  70.3","24","  63.3","24","1012.4","24","999.9"," 0"," 11.3","24","  5.3","24"," 11.1"," 15.9","  80.6","*","  60.8","*","99.99"," ","999.9","010000"
"71749099999","2025-07-25","48.3666666","-89.3333333","199.03","THUNDER BAY A, CA","  68.3","24","  58.5","24","1016.6","24","999.9"," 0"," 11.8","24","  5.3","24"," 13.0"," 19.0","  80.6","*","  55.4","*"," 0.00","I","999.9","000000"
"71749099999","2025-07-26","48.3666666","-89.3333333","199.03","THUNDER BAY A, CA","  70.2","24","  63.2","24","1011.9","24","999.9"," 0"," 11.4","24","  5.1","24"," 25.1"," 34.0","  84.2","*","  55.4","*","99.99"," ","999.9","010010"
"71749099999","2025-07-27","48.3666666","-89.3333333","199.03","THUNDER BAY A, CA","  69.7","24","  66.3","24","1012.5","24","999.9"," 0"," 16.8","24","  4.6","24"," 18.1"," 42.9","  80.6","*","  60.8","*","99.99"," ","999.9","010010"
"71749099999","2025-07-28","48.3666666","-89.3333333","199.03","THUNDER BAY A, CA","  72.4","24","  63.7","24","1014.5","24","999.9"," 0"," 18.1","24","  8.0","24"," 13.0"," 33.0","  82.4","*","  64.4","*","99.99"," ","999.9","010010"
"71749099999","2025-07-29","48.3666666","-89.3333333","199.03","THUNDER BAY A, CA","  71.5","20","  58.5","20","1020.1","20","999.9"," 0","  8.7","20","  5.4","20"," 12.0"," 18.1","  78.8","*","  60.8","*","99.99"," ","999.9","010000"
"71749099999","2025-07-30","48.3666666","-89.3333333","199.03","THUNDER BAY A, CA","  63.6","24","  50.9","24","1023.3","24","999.9"," 0","  4.7","24","  5.6","24"," 12.0"," 20.0","  75.2","*","  50.0","*"," 0.00","I","999.9","000000"
"71749099999","2025-07-31","48.3666666","-89.3333333","199.03","THUNDER BAY A, CA","  60.1","24","  48.9","24","1027.0","24","999.9"," 0","  5.7","24","  4.2","24","  9.9","999.9","  73.4","*","  48.2","*"," 0.00","I","999.9","000000"
"71749099999","2025-08-01","48.3666666","-89.3333333","199.03","THUNDER BAY A, CA","  64.9","24","  54.9","24","1027.2","24","999.9"," 0","  5.4","24","  6.1","24"," 13.0"," 15.9","  78.8","*","  51.8","*","99.99"," ","999.9","010000"
"71749099999","2025-08-02","48.3666666","-89.3333333","199.03","THUNDER BAY A, CA","  67.2","24","  56.9","24","1025.5","24","999.9"," 0","  7.7","24","  6.0","24"," 12.0"," 19.0","  80.6","*","  51.8","*"," 0.00","I","999.9","000000"
"71749099999","2025-08-03","48.3666666","-89.3333333","199.03","THUNDER BAY A, CA","  67.6","24","  56.3","24","1020.8","24","999.9"," 0","  9.4","24","  5.5","24","  8.9","999.9","  80.6","*","  53.6","*"," 0.00","I","999.9","000000"
"71749099999","2025-08-04","48.3666666","-89.3333333","199.03","THUNDER BAY A, CA","  67.8","24","  60.1","24","1022.0","24","999.9"," 0"," 12.7","24","  5.5","24","  9.9","999.9","  75.2","*","  59.0","*"," 0.00","I","999.9","000000"
"71749099999","2025-08-05","48.3666666","-89.3333333","199.03","THUNDER BAY A, CA","  63.1","23","  57.8","23","1026.0","23","999.9"," 0","  9.0","23","  4.9","23","  9.9"," 15.0","  73.4","*","  50.0","*"," 0.00","I","999.9","000000"
"71749099999","2025-08-06","48.3666666","-89.3333333","199.03","THUNDER BAY A, CA","  65.4","24","  61.9","24","1024.9","24","999.9"," 0","  7.9","24","  7.0","24"," 11.1","999.9","  69.8","*","  60.8","*","99.99"," ","999.9","010000"
"71749099999","2025-08-07","48.3666666","-89.3333333","199.03","THUNDER BAY A, CA","  71.1","23","  65.7","23","1017.8","23","999.9"," 0"," 10.3","23","  5.3","23"," 13.0"," 22.9","  86.0","*","  64.4","*","99.99"," ","999.9","010000"
"71749099999","2025-08-08","48.3666666","-89.3333333","199.03","THUNDER BAY A, CA","  72.8","24","  67.3","24","1012.1","24","999.9"," 0"," 16.9","24","  4.4","24"," 15.0"," 18.1","  82.4","*","  60.8","*"," 0.00","I","999.9","000000"
"71749099999","2025-08-09","48.3666666","-89.3333333","199.03","THUNDER BAY A, CA","  71.0","24","  67.6","24","1009.2","24","999.9"," 0"," 16.1","24","  6.4","24"," 19.0"," 33.0","  77.0","*","  66.2","*","99.99"," ","999.9","010010"
"71749099999","2025-08-10","48.3666666","-89.3333333","199.03","THUNDER BAY A, CA","  70.0","24","  65.8","24","1010.6","24","999.9"," 0","  9.9","24","  4.2","24"," 12.0"," 20.0","  82.4","*","  59.0","*"," 0.00","I","999.9","100000"
"71749099999","2025-08-11","48.3666666","-89.3333333","199.03","THUNDER BAY A, CA","  71.0","24","  63.5","24","1011.9","24","999.9"," 0"," 17.9","24","  4.8","24"," 13.0"," 15.9","  78.8","*","  60.8","*"," 0.00","I","999.9","000000"
"71749099999","2025-08-12","48.3666666","-89.3333333","199.03","THUNDER BAY A, CA","  68.7","24","  60.6","24","1008.1","24","999.9"," 0"," 13.5","24","  6.5","24"," 15.9"," 21.0","  77.0","*","  59.0","*","99.99"," ","999.9","010000"
"71749099999","2025-08-13","48.3666666","-89.3333333","199.03","THUNDER BAY A, CA","  63.7","24","  56.4","24","1013.6","24","999.9"," 0"," 15.5","24","  6.0","24"," 12.0"," 15.0","  69.8","*","  55.4","*"," 0.00","I","999.9","000000"
"71749099999","2025-08-14","48.3666666","-89.3333333","199.03","THUNDER BAY A, CA","  62.7","24","  55.6","24","1018.1","24","999.9"," 0"," 18.3","24","  7.7","24"," 13.0"," 19.0","  69.8","*","  53.6","*"," 0.00","I","999.9","000000"
"71749099999","2025-08-15","48.3666666","-89.3333333","199.03","THUNDER BAY A, CA","  71.9","24","  65.0","24","1013.0","24","999.9"," 0"," 18.1","24","  6.7","24"," 12.0"," 20.0","  86.0","*","  62.6","*","99.99"," ","999.9","010000"
"71749099999","2025-08-16","48.3666666","-89.3333333","199.03","THUNDER BAY A, CA","  65.2","24","  56.1","24","1017.3","24","999.9"," 0"," 17.7","24","  4.1","24","  7.0","999.9","  82.4","*","  55.4","*","99.99"," ","999.9","010000"
"71749099999","2025-08-17","48.3666666","-89.3333333","199.03","THUNDER BAY A, CA","  56.8","24","  46.7","24","1024.4","24","999.9"," 0"," 17.9","24","  7.6","24"," 13.0"," 19.0","  66.2","*","  50.0","*"," 0.00","I","999.9","000000"
"71749099999","2025-08-18","48.3666666","-89.3333333","199.03","THUNDER BAY A, CA","  56.8","24","  52.6","24","1021.5","24","999.9"," 0"," 17.3","24","  6.4","24"," 11.1"," 15.0","  64.4","*","  44.6","*","99.99"," ","999.9","010000"
"71749099999","2025-08-19","48.3666666","-89.3333333","199.03","THUNDER BAY A, CA","  63.3","24","  61.6","24","1017.8","24","999.9"," 0"," 10.2","24","  3.7","24","  8.9","999.9","  69.8","*","  60.8","*","99.99"," ","999.9","010000"
"71749099999","2025-08-20","48.3666666","-89.3333333","199.03","THUNDER BAY A, CA","  66.9","24","  62.0","24","1021.5","24","999.9"," 0"," 15.7","24","  3.3","24","  8.9","999.9","  77.0","*","  62.6","*"," 0.00","I","999.9","000000"
"71749099999","2025-08-21","48.3666666","-89.3333333","199.03","THUNDER BAY A, CA","  62.7","24","  58.7","24","1020.3","24","999.9"," 0"," 16.7","24","  4.2","24","  9.9"," 15.0","  71.6","*","  51.8","*"," 0.00","I","999.9","100000"
"71749099999","2025-08-22","48.3666666","-89.3333333","199.03","THUNDER BAY A, CA","  68.5","24","  62.1","24","1013.6","24","999.9"," 0"," 16.3","24","  4.8","24"," 12.0"," 17.1","  78.8","*","  59.0","*","99.99"," ","999.9","010010"
"71749099999","2025-08-23","48.3666666","-89.3333333","199.03","THUNDER BAY A, CA","  62.8","24","  54.9","24","1008.5","24","999.9"," 0"," 17.7","24","  8.4","24"," 18.1"," 28.0","  75.2","*","  53.6","*","99.99"," ","999.9","010000"
"71749099999","2025-08-24","48.3666666","-89.3333333","199.03","THUNDER BAY A, CA","  56.1","20","  49.5","20","1010.7","20","999.9"," 0"," 18.0","20","  8.8","20"," 13.0"," 22.9","  62.6","*","  51.8","*"," 0.00","I","999.9","000000"
