"STATION","DATE","LATITUDE","LONGITUDE","ELEVATION","NAME","TEMP","TEMP_ATTRIBUTES","DEWP","DEWP_ATTRIBUTES","SLP","SLP_ATTRIBUTES","STP","STP_ATTRIBUTES","VISIB","VISIB_ATTRIBUTES","WDSP","WDSP_ATTRIBUTES","MXSPD","GUST","MAX","MAX_ATTRIBUTES","MIN","MIN_ATTRIBUTES","PRCP","PRCP_ATTRIBUTES","SNDP","FRSHTT"
"95448099999","2025-01-01","-27.85","120.7","498.0","LEINSTER AERO, AS","  93.6","24","  42.5","24","1009.2","24","954.7","24","999.9"," 0","  7.2","24"," 13.0","999.9"," 105.1"," ","  82.6"," "," 0.00","G","999.9","000000"
"95448099999","2025-01-02","-27.85","120.7","498.0","LEINSTER AERO, AS","  92.3","24","  50.3","24","1008.0","24","953.6","24","999.9"," 0","  7.3","24"," 19.0","999.9"," 104.7"," ","  84.2","*"," 0.00","G","999.9","000000"
"95448099999","2025-01-03","-27.85","120.7","498.0","LEINSTER AERO, AS","  92.1","24","  55.8","24","1004.7","24","950.5","24","999.9"," 0","  7.7","24"," 17.1","999.9"," 107.2"," ","  79.3","*"," 0.00","G","999.9","010010"
"95448099999","2025-01-04","-27.85","120.7","498.0","LEINSTER AERO, AS","  83.5","24","  66.2","24","1004.6","24","950.4","24","999.9"," 0","  7.9","24"," 13.0","999.9"," 104.5"," ","  72.7","*"," 0.00","G","999.9","010010"
"95448099999","2025-01-05","-27.85","120.7","498.0","LEINSTER AERO, AS","  80.3","24","  62.2","24","1008.8","24","954.3","24","999.9"," 0"," 11.5","24"," 15.0","999.9","  96.3"," ","  67.8"," "," 0.39","G","999.9","010010"
"95448099999","2025-01-06","-27.85","120.7","498.0","LEINSTER AERO, AS","  80.6","24","  64.0","24","1010.6","24","956.0","24","999.9"," 0","  9.6","24"," 17.1","999.9","  97.3"," ","  67.6"," "," 0.44","G","999.9","010000"
"95448099999","2025-01-07","-27.85","120.7","498.0","LEINSTER AERO, AS","  88.7","23","  59.1","23","1007.2","23","952.8","23","999.9"," 0"," 10.1","23"," 17.1","999.9"," 104.4"," ","  72.0"," "," 0.32","G","999.9","010010"
"95448099999","2025-01-08","-27.85","120.7","498.0","LEINSTER AERO, AS","  90.5","24","  48.8","24","1006.7","24","952.3","24","999.9"," 0","  6.9","24"," 13.0","999.9"," 104.9"," ","  75.0"," "," 0.01","G","999.9","000000"
"95448099999","2025-01-09","-27.85","120.7","498.0","LEINSTER AERO, AS","  94.7","23","  47.2","23","1006.4","23","952.0","23","999.9"," 0","  6.4","23"," 12.0","999.9"," 107.2"," ","  77.9"," "," 0.00","G","999.9","000000"
"95448099999","2025-01-10","-27.85","120.7","498.0","LEINSTER AERO, AS","  96.7","24","  35.1","24","1006.0","24","951.7","24","999.9"," 0","  7.8","24"," 15.0","999.9"," 109.6"," ","  82.6"," "," 0.00","G","999.9","000000"
"95448099999","2025-01-11","-27.85","120.7","498.0","LEINSTER AERO, AS","  92.9","24","  46.0","24","1005.2","24","951.0","24","999.9"," 0","  4.7","24","  9.9","999.9"," 102.6"," ","  83.8"," "," 0.00","G","999.9","000000"
"95448099999","2025-01-12","-27.85","120.7","498.0","LEINSTER AERO, AS","  91.9","24","  56.6","24","1003.8","24","949.6","24","999.9"," 0","  6.9","24"," 14.0","999.9"," 102.9"," ","  80.6","*"," 0.00","G","999.9","010010"
"95448099999","2025-01-13","-27.85","120.7","498.0","LEINSTER AERO, AS","  93.4","24","  54.4","24","1002.5","24","948.4","24","999.9"," 0","  9.2","24"," 17.1","999.9"," 108.7"," ","  79.5"," "," 0.00","G","999.9","010010"
"95448099999","2025-01-14","-27.85","120.7","498.0","LEINSTER AERO, AS","  87.2","24","  45.6","24","1005.7","24","951.4","24","999.9"," 0"," 10.6","24"," 13.0","999.9"," 101.1"," ","  71.6","*"," 0.00","G","999.9","000000"
"95448099999","2025-01-15","-27.85","120.7","498.0","LEINSTER AERO, AS","  83.2","24","  45.9","24","1007.4","24","953.0","24","999.9"," 0","  9.4","24"," 13.0","999.9","  94.5"," ","  71.4"," "," 0.00","G","999.9","000000"
"95448099999","2025-01-16","-27.85","120.7","498.0","LEINSTER AERO, AS","  87.2","24","  37.8","24","1004.6","24","950.3","24","999.9"," 0","  9.0","24"," 15.0","999.9"," 100.0"," ","  71.8"," "," 0.00","G","999.9","000000"
"95448099999","2025-01-17","-27.85","120.7","498.0","LEINSTER AERO, AS","  85.7","22","  60.4","22","1002.9","22","948.8","22","999.9"," 0"," 10.9","22"," 22.0","999.9"," 109.4"," ","  71.2","*"," 0.00","G","999.9","010000"
"95448099999","2025-01-18","-27.85","120.7","498.0","LEINSTER AERO, AS","  80.6","24","  65.9","24","1006.9","24","952.6","24","999.9"," 0","  9.8","24"," 14.0","999.9","  87.4"," ","  71.2"," "," 0.34","G","999.9","000000"
"95448099999","2025-01-19","-27.85","120.7","498.0","LEINSTER AERO, AS","  88.0","24","  54.4","24","1006.4","24","952.0","24","999.9"," 0"," 10.8","24"," 15.9","999.9","  96.8"," ","  75.6"," "," 0.01","G","999.9","000000"
"95448099999","2025-01-20","-27.85","120.7","498.0","LEINSTER AERO, AS","  94.2","24","  39.0","24","1005.0","24","950.8","24","999.9"," 0","  8.5","24"," 15.0","999.9"," 109.8"," ","  78.3","*"," 0.00","G","999.9","000000"
"95448099999","2025-01-21","-27.85","120.7","498.0","LEINSTER AERO, AS","  95.4","24","  36.2","24","1005.2","24","951.0","24","999.9"," 0","  6.6","24"," 12.0","999.9"," 110.7"," ","  78.1"," "," 0.00","G","999.9","000000"
"95448099999","2025-01-22","-27.85","120.7","498.0","LEINSTER AERO, AS","  98.6","22","  39.8","22","1005.2","22","950.9","22","999.9"," 0","  8.1","22"," 12.0","999.9"," 111.6"," ","  79.7"," "," 0.00","G","999.9","000000"
"95448099999","2025-01-23","-27.85","120.7","498.0","LEINSTER AERO, AS","  99.8","19","  37.8","19","1004.1","19","949.9","19","999.9"," 0","  6.8","19"," 12.0","999.9"," 112.3","*","  86.4"," "," 0.00","G","999.9","000000"
"95448099999","2025-01-24","-27.85","120.7","498.0","LEINSTER AERO, AS"," 102.7","24","  42.0","24","1002.7","24","948.6","24","999.9"," 0","  9.2","24"," 15.9","999.9"," 115.9"," ","  86.0"," "," 0.00","G","999.9","000000"
"95448099999","2025-01-25","-27.85","120.7","498.0","LEINSTER AERO, AS","  98.1","24","  47.3","24","1003.8","24","949.6","24","999.9"," 0","  8.7","24"," 13.0","999.9"," 111.0"," ","  83.1","*"," 0.00","G","999.9","000000"
"95448099999","2025-01-26","-27.85","120.7","498.0","LEINSTER AERO, AS","  94.8","24","  50.0","24","1003.8","24","949.6","24","999.9"," 0"," 10.2","24"," 15.9","999.9"," 107.1"," ","  80.1","*"," 0.00","G","999.9","000000"
"95448099999","2025-01-27","-27.85","120.7","498.0","LEINSTER AERO, AS","  87.9","24","  51.3","24","1008.8","24","954.4","24","999.9"," 0"," 12.0","24"," 17.1","999.9","  99.9"," ","  77.7","*"," 0.00","G","999.9","000000"
"95448099999","2025-01-28","-27.85","120.7","498.0","LEINSTER AERO, AS","  86.1","24","  37.4","24","1012.7","24","958.1","24","999.9"," 0"," 10.3","24"," 15.9","999.9","  99.0"," ","  73.9","*"," 0.00","G","999.9","000000"
"95448099999","2025-01-29","-27.85","120.7","498.0","LEINSTER AERO, AS","  89.2","24","  34.5","24","1010.7","24","956.1","24","999.9"," 0","  9.7","24"," 14.0","999.9"," 101.7"," ","  73.2"," "," 0.00","G","999.9","000000"
"95448099999","2025-01-30","-27.85","120.7","498.0","LEINSTER AERO, AS","  90.1","24","  34.8","24","1007.6","24","953.2","24","999.9"," 0","  9.8","24"," 15.0","999.9"," 100.4","*","  77.4"," "," 0.00","G","999.9","000000"
"95448099999","2025-01-31","-27.85","120.7","498.0","LEINSTER AERO, AS","  93.8","23","  30.2","23","1004.7","23","950.4","23","999.9"," 0","  6.9","23"," 13.0","999.9"," 106.5"," ","  78.1","*"," 0.00","G","999.9","000000"
"95448099999","2025-02-01","-27.85","120.7","498.0","LEINSTER AERO, AS","  99.7","24","  35.4","24","1003.3","24","949.0","24","999.9"," 0","  6.2","24","  9.9","999.9"," 113.0"," ","  77.2"," "," 0.00","G","999.9","000000"
"95448099999","2025-02-02","-27.85","120.7","498.0","LEINSTER AERO, AS","  99.0","24","  33.8","24","1003.0","24","948.7","24","999.9"," 0","  6.1","24"," 11.1","999.9"," 113.5"," ","  81.3"," "," 0.00","G","999.9","000000"
"95448099999","2025-02-03","-27.85","120.7","498.0","LEINSTER AERO, AS","  98.6","24","  38.3","24","1002.9","24","948.6","24","999.9"," 0","  9.4","24"," 17.1","999.9"," 116.1"," ","  74.8","*"," 0.00","G","999.9","000000"
"95448099999","2025-02-04","-27.85","120.7","498.0","LEINSTER AERO, AS","  89.9","24","  48.7","24","1005.0","24","950.5","24","999.9"," 0"," 10.5","24"," 15.9","999.9"," 104.5"," ","  74.3"," "," 0.00","G","999.9","000000"
"95448099999","2025-02-05","-27.85","120.7","498.0","LEINSTER AERO, AS","  97.5","24","  46.6","24","1002.8","24","948.5","24","999.9"," 0","  7.3","24"," 13.0","999.9"," 111.2"," ","  75.9"," "," 0.00","G","999.9","000000"
"95448099999","2025-02-06","-27.85","120.7","498.0","LEINSTER AERO, AS"," 101.3","24","  45.8","24","1002.0","24","947.7","24","999.9"," 0","  7.2","24"," 12.0","999.9"," 113.4"," ","  85.6"," "," 0.00","G","999.9","000000"
"95448099999","2025-02-07","-27.85","120.7","498.0","LEINSTER AERO, AS"," 103.1","23","  39.3","23","1000.5","23","946.2","23","999.9"," 0","  7.8","23"," 14.0","999.9"," 114.8"," ","  84.7"," "," 0.02","G","999.9","000000"
"95448099999","2025-02-08","-27.85","120.7","498.0","LEINSTER AERO, AS"," 103.9","24","  41.3","24"," 998.7","24","944.6","24","999.9"," 0"," 10.3","24"," 15.9","999.9"," 116.4"," ","  85.6"," "," 0.00","G","999.9","010010"
"95448099999","2025-02-09","-27.85","120.7","498.0","LEINSTER AERO, AS","  98.3","23","  48.3","23"," 999.1","23","945.0","23","999.9"," 0","  9.1","23"," 18.1","999.9"," 115.5"," ","  81.9","*"," 0.00","G","999.9","010010"
"95448099999","2025-02-10","-27.85","120.7","498.0","LEINSTER AERO, AS","  95.7","23","  46.7","23","1000.6","23","946.4","23","999.9"," 0","  8.2","23"," 13.0","999.9"," 108.0"," ","  81.7"," "," 0.01","G","999.9","000000"
"95448099999","2025-02-11","-27.85","120.7","498.0","LEINSTER AERO, AS","  90.4","21","  42.2","21","1002.3","21","948.0","21","999.9"," 0"," 11.7","21"," 17.1","999.9"," 105.3"," ","  67.3","*"," 0.00","G","999.9","000000"
"95448099999","2025-02-12","-27.85","120.7","498.0","LEINSTER AERO, AS","  75.0","24","  29.3","24","1009.0","24","954.3","24","999.9"," 0","  9.2","24"," 15.9","999.9","  94.3"," ","  64.4","*"," 0.00","G","999.9","000000"
"95448099999","2025-02-13","-27.85","120.7","498.0","LEINSTER AERO, AS","  78.5","24","  37.2","24","1010.8","24","956.1","24","999.9"," 0"," 11.0","24"," 15.0","999.9","  89.2"," ","  64.4"," "," 0.00","G","999.9","000000"
"95448099999","2025-02-14","-27.85","120.7","498.0","LEINSTER AERO, AS","  79.3","24","  42.3","24","1011.1","24","956.3","24","999.9"," 0"," 12.6","24"," 17.1","999.9","  90.0"," ","  67.1"," "," 0.00","G","999.9","000000"
"95448099999","2025-02-15","-27.85","120.7","498.0","LEINSTER AERO, AS","  73.3","24","  47.5","24","1009.3","24","954.6","24","999.9"," 0"," 10.1","24"," 15.9","999.9","  82.8"," ","  58.5","*"," 0.00","G","999.9","010000"
"95448099999","2025-02-16","-27.85","120.7","498.0","LEINSTER AERO, AS","  64.3","22","  59.7","22","1006.5","22","952.0","22","999.9"," 0"," 11.3","22"," 15.9","999.9","  76.8"," ","  58.1"," "," 0.45","G","999.9","010000"
"95448099999","2025-02-17","-27.85","120.7","498.0","LEINSTER AERO, AS","  66.7","24","  63.5","24","1009.0","24","954.3","24","999.9"," 0","  7.7","24","  9.9","999.9","  71.6"," ","  58.5"," "," 0.90","G","999.9","010000"
"95448099999","2025-02-18","-27.85","120.7","498.0","LEINSTER AERO, AS","  73.2","24","  64.7","24","1010.8","24","956.0","24","999.9"," 0","  5.2","24","  8.0","999.9","  82.9"," ","  63.7"," "," 0.01","G","999.9","000000"
"95448099999","2025-02-19","-27.85","120.7","498.0","LEINSTER AERO, AS","  85.9","24","  55.3","24","1010.2","24","955.4","24","999.9"," 0","  6.0","24","  9.9","999.9","  97.7"," ","  66.9"," "," 0.00","G","999.9","000000"
"95448099999","2025-02-20","-27.85","120.7","498.0","LEINSTER AERO, AS","  91.3","20","  56.2","20","1009.2","20","954.5","20","999.9"," 0","  6.6","20"," 12.0","999.9"," 103.5"," ","  73.4"," "," 0.00","G","999.9","000000"
"95448099999","2025-02-21","-27.85","120.7","498.0","LEINSTER AERO, AS","  85.8","24","  59.3","24","1008.4","24","953.8","24","999.9"," 0","  7.7","24"," 12.0","999.9"," 102.7"," ","  72.7","*"," 0.00","G","999.9","010010"
"95448099999","2025-02-22","-27.85","120.7","498.0","LEINSTER AERO, AS","  79.9","24","  54.1","24","1011.7","24","956.9","24","999.9"," 0"," 10.0","24"," 12.0","999.9","  90.9"," ","  69.4","*"," 0.04","G","999.9","000000"
"95448099999","2025-02-23","-27.85","120.7","498.0","LEINSTER AERO, AS","  86.5","24","  51.3","24","1013.0","24","958.1","24","999.9"," 0","  8.3","24"," 14.0","999.9","  97.3"," ","  69.3"," "," 0.00","G","999.9","000000"
"95448099999","2025-02-24","-27.85","120.7","498.0","LEINSTER AERO, AS","  87.9","24","  55.6","24","1013.4","24","958.6","24","999.9"," 0","  8.4","24"," 15.9","999.9"," 100.8"," ","  75.6"," "," 0.00","G","999.9","000000"
"95448099999","2025-02-25","-27.85","120.7","498.0","LEINSTER AERO, AS","  92.5","24","  55.7","24","1013.8","24","958.9","24","999.9"," 0","  6.8","24","  9.9","999.9"," 103.3"," ","  79.3"," "," 0.00","G","999.9","000000"
"95448099999","2025-02-26","-27.85","120.7","498.0","LEINSTER AERO, AS","  93.9","24","  51.9","24","1012.0","24","957.1","24","999.9"," 0","  6.3","24"," 12.0","999.9"," 105.8"," ","  81.1","*"," 0.00","G","999.9","000000"
"95448099999","2025-02-27","-27.85","120.7","498.0","LEINSTER AERO, AS","  89.0","24","  54.8","24","1012.8","24","957.9","24","999.9"," 0"," 10.9","24"," 19.0","999.9"," 100.4"," ","  76.8","*"," 0.00","G","999.9","000000"
"95448099999","2025-02-28","-27.85","120.7","498.0","LEINSTER AERO, AS","  94.0","16","  50.4","16","1012.0","16","957.1","16","999.9"," 0","  5.8","16"," 11.1","999.9"," 104.5","*","  76.3"," "," 0.00","G","999.9","000000"
"95448099999","2025-03-01","-27.85","120.7","498.0","LEINSTER AERO, AS","  91.3","24","  54.2","24","1012.1","24","956.7","24","999.9"," 0","  7.0","24"," 12.0","999.9"," 105.1"," ","  76.3"," "," 0.00","G","999.9","000000"
"95448099999","2025-03-02","-27.85","120.7","498.0","LEINSTER AERO, AS","  92.9","23","  49.7","23","1011.4","23","956.0","23","999.9"," 0","  7.9","23"," 13.0","999.9"," 104.2"," ","  78.4"," "," 0.00","G","999.9","000000"
"95448099999","2025-03-03","-27.85","120.7","498.0","LEINSTER AERO, AS","  91.5","24","  51.6","24","1011.9","24","956.5","24","999.9"," 0","  5.5","24"," 13.0","999.9"," 103.1"," ","  81.7"," "," 0.00","G","999.9","010000"
"95448099999","2025-03-04","-27.85","120.7","498.0","LEINSTER AERO, AS","  90.1","24","  52.4","24","1014.4","24","958.8","24","999.9"," 0"," 10.0","24"," 15.9","999.9"," 103.5"," ","  70.7","*"," 0.00","G","999.9","000000"
"95448099999","2025-03-05","-27.85","120.7","498.0","LEINSTER AERO, AS","  82.0","24","  51.7","24","1017.5","24","961.7","24","999.9"," 0"," 11.8","24"," 15.0","999.9","  97.0"," ","  70.3"," "," 0.00","G","999.9","000000"
"95448099999","2025-03-06","-27.85","120.7","498.0","LEINSTER AERO, AS","  84.9","24","  45.6","24","1014.3","24","958.7","24","999.9"," 0","  8.4","24"," 12.0","999.9","  99.9"," ","  70.3"," "," 0.00","G","999.9","000000"
"95448099999","2025-03-07","-27.85","120.7","498.0","LEINSTER AERO, AS","  88.8","24","  38.7","24","1006.9","24","951.7","24","999.9"," 0","  7.4","24"," 12.0","999.9"," 101.7"," ","  72.0"," "," 0.00","G","999.9","000000"
"95448099999","2025-03-08","-27.85","120.7","498.0","LEINSTER AERO, AS","  89.3","24","  38.9","24","1005.1","24","950.1","24","999.9"," 0"," 10.2","24"," 15.9","999.9"," 103.6"," ","  72.5","*"," 0.00","G","999.9","000000"
"95448099999","2025-03-09","-27.85","120.7","498.0","LEINSTER AERO, AS","  85.3","24","  45.7","24","1010.0","24","954.7","24","999.9"," 0","  7.4","24","  9.9","999.9","  97.5"," ","  72.5"," "," 0.00","G","999.9","000000"
"95448099999","2025-03-10","-27.85","120.7","498.0","LEINSTER AERO, AS","  86.5","24","  52.4","24","1009.8","24","954.4","24","999.9"," 0","  8.9","24"," 15.0","999.9"," 102.4"," ","  74.1","*"," 0.00","G","999.9","000000"
"95448099999","2025-03-11","-27.85","120.7","498.0","LEINSTER AERO, AS","  87.6","24","  51.2","24","1008.1","24","952.9","24","999.9"," 0","  9.3","24"," 15.0","999.9"," 103.6"," ","  74.1"," "," 0.00","G","999.9","010010"
"95448099999","2025-03-12","-27.85","120.7","498.0","LEINSTER AERO, AS","  85.8","23","  57.9","23","1006.6","23","951.5","23","999.9"," 0"," 10.0","23"," 18.1","999.9"," 103.3"," ","  73.4","*"," 0.00","G","999.9","010010"
"95448099999","2025-03-13","-27.85","120.7","498.0","LEINSTER AERO, AS","  75.8","24","  69.2","24","1008.5","24","953.2","24","999.9"," 0"," 11.6","24"," 22.0","999.9","  92.5"," ","  70.5","*"," 0.09","G","999.9","010000"
"95448099999","2025-03-14","-27.85","120.7","498.0","LEINSTER AERO, AS","  80.2","24","  66.9","24","1011.3","24","955.9","24","999.9"," 0","  6.3","24"," 11.1","999.9","  90.9"," ","  70.3"," "," 0.45","G","999.9","000000"
"95448099999","2025-03-15","-27.85","120.7","498.0","LEINSTER AERO, AS","  80.1","24","  54.7","24","1014.5","24","958.9","24","999.9"," 0","  9.5","24"," 14.0","999.9","  90.9"," ","  69.1","*"," 0.01","G","999.9","000000"
"95448099999","2025-03-16","-27.85","120.7","498.0","LEINSTER AERO, AS","  73.5","24","  56.0","24","1017.2","24","961.5","24","999.9"," 0"," 14.2","24"," 18.1","999.9","  83.8"," ","  63.7","*"," 0.00","G","999.9","000000"
"95448099999","2025-03-17","-27.85","120.7","498.0","LEINSTER AERO, AS","  71.0","24","  49.6","24","1013.3","24","957.8","24","999.9"," 0","  8.9","24"," 15.9","999.9","  80.2"," ","  63.0","*"," 0.00","G","999.9","000000"
"95448099999","2025-03-18","-27.85","120.7","498.0","LEINSTER AERO, AS","  78.3","24","  50.3","24","1006.8","24","951.6","24","999.9"," 0","  5.5","24"," 11.1","999.9","  90.3"," ","  62.8"," "," 0.00","G","999.9","000000"
"95448099999","2025-03-19","-27.85","120.7","498.0","LEINSTER AERO, AS","  83.7","24","  48.6","24","1005.4","24","950.3","24","999.9"," 0","  9.9","24"," 14.0","999.9","  97.2"," ","  65.1"," "," 0.00","G","999.9","010010"
"95448099999","2025-03-20","-27.85","120.7","498.0","LEINSTER AERO, AS","  77.0","24","  52.7","24","1010.9","24","955.6","24","999.9"," 0","  9.2","24"," 17.1","999.9","  87.6"," ","  66.9","*"," 0.00","G","999.9","000000"
"95448099999","2025-03-21","-27.85","120.7","498.0","LEINSTER AERO, AS","  83.1","24","  50.6","24","1011.2","24","955.8","24","999.9"," 0","  7.7","24"," 12.0","999.9","  94.6"," ","  66.7"," "," 0.00","G","999.9","000000"
"95448099999","2025-03-22","-27.85","120.7","498.0","LEINSTER AERO, AS","  83.6","24","  47.4","24","1011.5","24","956.1","24","999.9"," 0","  8.4","24"," 13.0","999.9","  95.9"," ","  71.2"," "," 0.00","G","999.9","000000"
"95448099999","2025-03-23","-27.85","120.7","498.0","LEINSTER AERO, AS","  82.5","24","  37.7","24","1013.1","24","957.6","24","999.9"," 0","  9.8","24"," 17.1","999.9","  96.8"," ","  64.4","*"," 0.00","G","999.9","000000"
"95448099999","2025-03-24","-27.85","120.7","498.0","LEINSTER AERO, AS","  82.1","24","  43.0","24","1011.9","24","956.4","24","999.9"," 0","  8.3","24"," 12.0","999.9","  94.6"," ","  64.0"," "," 0.00","G","999.9","000000"
"95448099999","2025-03-25","-27.85","120.7","498.0","LEINSTER AERO, AS","  83.3","24","  47.7","24","1011.1","24","955.7","24","999.9"," 0","  8.1","24"," 12.0","999.9","  96.1"," ","  69.8","*"," 0.00","G","999.9","000000"
"95448099999","2025-03-26","-27.85","120.7","498.0","LEINSTER AERO, AS","  82.0","23","  39.1","23","1011.8","23","956.3","23","999.9"," 0","  9.6","23"," 14.0","999.9","  95.9"," ","  67.5","*"," 0.00","G","999.9","000000"
"95448099999","2025-03-27","-27.85","120.7","498.0","LEINSTER AERO, AS","  85.0","19","  45.5","19","1010.8","19","955.5","19","999.9"," 0","  8.8","19"," 13.0","999.9","  94.5"," ","  67.3"," "," 0.00","G","999.9","000000"
"95448099999","2025-03-28","-27.85","120.7","498.0","LEINSTER AERO, AS","  84.7","18","  48.7","18","1008.6","18","953.4","18","999.9"," 0","  8.1","18"," 12.0","999.9","  94.5"," ","  76.1","*"," 0.00","C","999.9","000000"
"95448099999","2025-03-29","-27.85","120.7","498.0","LEINSTER AERO, AS","  82.5","24","  45.7","24","1010.1","24","954.8","24","999.9"," 0","  9.5","24"," 15.0","999.9","  93.9"," ","  70.2","*"," 0.00","G","999.9","000000"
"95448099999","2025-03-30","-27.85","120.7","498.0","LEINSTER AERO, AS","  79.9","24","  52.0","24","1010.0","24","954.7","24","999.9"," 0"," 10.9","24"," 14.0","999.9","  93.7"," ","  67.1","*"," 0.00","G","999.9","010000"
"95448099999","2025-03-31","-27.85","120.7","498.0","LEINSTER AERO, AS","  72.7","23","  54.3","23","1009.8","23","954.5","23","999.9"," 0","  7.3","23"," 14.0","999.9","  87.8"," ","  62.1","*"," 0.03","G","999.9","000000"
"95448099999","2025-04-01","-27.85","120.7","498.0","LEINSTER AERO, AS","  77.0","24","  47.0","24","1010.8","24","954.7","24","999.9"," 0","  6.3","24","  9.9","999.9","  89.6"," ","  61.9"," "," 0.04","G","999.9","010000"
"95448099999","2025-04-02","-27.85","120.7","498.0","LEINSTER AERO, AS","  76.6","24","  46.3","24","1015.3","24","958.9","24","999.9"," 0","  9.8","24"," 14.0","999.9","  87.6"," ","  63.0"," "," 0.00","G","999.9","000000"
"95448099999","2025-04-03","-27.85","120.7","498.0","LEINSTER AERO, AS","  73.9","24","  45.5","24","1015.4","24","959.1","24","999.9"," 0","  8.0","24"," 14.0","999.9","  86.9"," ","  61.2","*"," 0.00","G","999.9","000000"
"95448099999","2025-04-04","-27.85","120.7","498.0","LEINSTER AERO, AS","  77.6","24","  38.1","24","1013.5","24","957.2","24","999.9"," 0"," 11.3","24"," 15.0","999.9","  91.4"," ","  60.8"," "," 0.00","G","999.9","000000"
"95448099999","2025-04-05","-27.85","120.7","498.0","LEINSTER AERO, AS","  80.4","24","  37.5","24","1011.9","24","955.7","24","999.9"," 0","  8.1","24"," 15.9","999.9","  93.9"," ","  65.5"," "," 0.00","G","999.9","000000"
"95448099999","2025-04-06","-27.85","120.7","498.0","LEINSTER AERO, AS","  85.3","24","  39.2","24","1013.0","24","956.8","24","999.9"," 0","  9.4","24"," 15.0","999.9","  98.2"," ","  64.0"," "," 0.00","G","999.9","000000"
"95448099999","2025-04-07","-27.85","120.7","498.0","LEINSTER AERO, AS","  85.7","24","  46.6","24","1014.6","24","958.3","24","999.9"," 0","  8.3","24"," 17.1","999.9","  98.6"," ","  75.6"," "," 0.00","G","999.9","000000"
"95448099999","2025-04-08","-27.85","120.7","498.0","LEINSTER AERO, AS","  72.3","24","  55.9","24","1016.4","24","960.0","24","999.9"," 0","  5.4","24"," 17.1","999.9","  86.2"," ","  61.9","*"," 0.00","G","999.9","010000"
"95448099999","2025-04-09","-27.85","120.7","498.0","LEINSTER AERO, AS","  75.7","24","  50.0","24","1016.1","24","959.7","24","999.9"," 0","  6.9","24"," 12.0","999.9","  88.3"," ","  61.5"," "," 0.00","G","999.9","000000"
"95448099999","2025-04-10","-27.85","120.7","498.0","LEINSTER AERO, AS","  75.7","24","  46.2","24","1016.0","24","959.6","24","999.9"," 0","  8.0","24"," 11.1","999.9","  88.0"," ","  61.7"," "," 0.00","G","999.9","000000"
"95448099999","2025-04-11","-27.85","120.7","498.0","LEINSTER AERO, AS","  78.1","24","  42.3","24","1014.2","24","957.9","24","999.9"," 0","  7.3","24"," 11.1","999.9","  90.9"," ","  62.1"," "," 0.00","G","999.9","000000"
"95448099999","2025-04-12","-27.85","120.7","498.0","LEINSTER AERO, AS","  85.7","24","  47.2","24","1013.7","24","957.5","24","999.9"," 0","  7.3","24"," 14.0","999.9"," 100.9"," ","  69.3"," "," 0.00","G","999.9","000000"
"95448099999","2025-04-13","-27.85","120.7","498.0","LEINSTER AERO, AS","  87.3","24","  37.5","24","1012.0","24","955.8","24","999.9"," 0","  9.9","24"," 14.0","999.9"," 100.9"," ","  73.9"," "," 0.00","G","999.9","000000"
"95448099999","2025-04-14","-27.85","120.7","498.0","LEINSTER AERO, AS","  76.1","24","  55.0","24","1013.2","24","957.0","24","999.9"," 0","  7.6","24"," 15.9","999.9","  87.8"," ","  67.5","*"," 0.00","G","999.9","000000"
"95448099999","2025-04-15","-27.85","120.7","498.0","LEINSTER AERO, AS","  78.8","24","  47.4","24","1013.8","24","957.5","24","999.9"," 0","  6.9","24"," 11.1","999.9","  91.6"," ","  67.3"," "," 0.00","G","999.9","000000"
"95448099999","2025-04-16","-27.85","120.7","498.0","LEINSTER AERO, AS","  81.8","24","  50.7","24","1010.5","24","954.4","24","999.9"," 0","  9.9","24"," 13.0","999.9","  95.9"," ","  68.2"," "," 0.00","G","999.9","010000"
"95448099999","2025-04-17","-27.85","120.7","498.0","LEINSTER AERO, AS","  65.3","24","  63.0","24","1007.0","24","951.1","24","999.9"," 0","  9.4","24"," 13.0","999.9","  84.0"," ","  60.3","*"," 0.07","G","999.9","010010"
"95448099999","2025-04-18","-27.85","120.7","498.0","LEINSTER AERO, AS","  60.9","24","  54.4","24","1011.0","24","954.9","24","999.9"," 0","  7.9","24"," 13.0","999.9","  68.7"," ","  55.9","*"," 0.61","G","999.9","010000"
"95448099999","2025-04-19","-27.85","120.7","498.0","LEINSTER AERO, AS","  58.1","24","  45.2","24","1015.7","24","959.3","24","999.9"," 0","  8.8","24"," 13.0","999.9","  68.7"," ","  49.8","*"," 0.01","G","999.9","000000"
"95448099999","2025-04-20","-27.85","120.7","498.0","LEINSTER AERO, AS","  63.5","24","  45.8","24","1017.4","24","960.9","24","999.9"," 0","  9.0","24"," 14.0","999.9","  74.8"," ","  49.6"," "," 0.00","G","999.9","000000"
"95448099999","2025-04-21","-27.85","120.7","498.0","LEINSTER AERO, AS","  66.7","24","  41.5","24","1019.0","24","962.5","24","999.9"," 0","  7.8","24"," 13.0","999.9","  80.4"," ","  53.2"," "," 0.00","G","999.9","000000"
"95448099999","2025-04-22","-27.85","120.7","498.0","LEINSTER AERO, AS","  70.3","24","  36.7","24","1017.6","24","961.2","24","999.9"," 0","  6.8","24","  9.9","999.9","  86.5"," ","  54.3"," "," 0.00","G","999.9","000000"
"95448099999","2025-04-23","-27.85","120.7","498.0","LEINSTER AERO, AS","  77.4","19","  41.4","19","1013.2","19","956.9","19","999.9"," 0","  9.4","19"," 13.0","999.9","  90.9"," ","  54.7"," "," 0.00","G","999.9","000000"
"95448099999","2025-04-24","-27.85","120.7","498.0","LEINSTER AERO, AS","  64.4","24","  47.3","24","1016.8","24","960.4","24","999.9"," 0"," 12.4","24"," 15.0","999.9","  80.6"," ","  54.0","*"," 0.00","H","999.9","010000"
"95448099999","2025-04-25","-27.85","120.7","498.0","LEINSTER AERO, AS","  58.2","24","  41.2","24","1020.0","24","963.4","24","999.9"," 0","  9.7","24"," 15.0","999.9","  68.5"," ","  48.6","*"," 0.00","G","999.9","000000"
"95448099999","2025-04-26","-27.85","120.7","498.0","LEINSTER AERO, AS","  60.9","24","  44.7","24","1018.8","24","962.2","24","999.9"," 0","  7.8","24"," 11.1","999.9","  71.1"," ","  48.2"," "," 0.00","G","999.9","000000"
"95448099999","2025-04-27","-27.85","120.7","498.0","LEINSTER AERO, AS","  63.3","24","  45.5","24","1018.9","24","962.3","24","999.9"," 0","  7.3","24"," 12.0","999.9","  73.8"," ","  50.9"," "," 0.00","G","999.9","000000"
"95448099999","2025-04-28","-27.85","120.7","498.0","LEINSTER AERO, AS","  62.7","22","  41.6","22","1021.4","22","964.8","22","999.9"," 0","  8.1","22"," 13.0","999.9","  73.8"," ","  51.4","*"," 0.00","G","999.9","000000"
"95448099999","2025-04-29","-27.85","120.7","498.0","LEINSTER AERO, AS","  64.2","24","  43.9","24","1023.0","24","966.2","24","999.9"," 0","  8.3","24"," 14.0","999.9","  75.9"," ","  50.0"," "," 0.00","G","999.9","000000"
"95448099999","2025-04-30","-27.85","120.7","498.0","LEINSTER AERO, AS","  65.5","24","  40.2","24","1023.4","24","966.6","24","999.9"," 0","  6.8","24"," 12.0","999.9","  80.4"," ","  51.8"," "," 0.00","G","999.9","000000"
"95448099999","2025-05-01","-27.85","120.7","498.0","LEINSTER AERO, AS","  66.1","24","  35.0","24","1021.6","24","963.9","24","999.9"," 0","  6.1","24"," 11.1","999.9","  81.1"," ","  51.8"," "," 0.00","G","999.9","000000"
"95448099999","2025-05-02","-27.85","120.7","498.0","LEINSTER AERO, AS","  72.6","23","  32.7","23","1016.7","23","959.4","23","999.9"," 0","  8.7","23"," 13.0","999.9","  82.9"," ","  51.1"," "," 0.00","G","999.9","000000"
"95448099999","2025-05-03","-27.85","120.7","498.0","LEINSTER AERO, AS","  72.9","24","  33.3","24","1014.5","24","957.2","24","999.9"," 0","  7.5","24"," 15.0","999.9","  87.1"," ","  56.1","*"," 0.00","G","999.9","000000"
"95448099999","2025-05-04","-27.85","120.7","498.0","LEINSTER AERO, AS","  70.4","24","  47.9","24","1017.6","24","960.1","24","999.9"," 0","  5.3","24","  8.9","999.9","  83.8"," ","  54.7"," "," 0.00","G","999.9","000000"
"95448099999","2025-05-05","-27.85","120.7","498.0","LEINSTER AERO, AS","  69.2","24","  45.1","24","1020.6","24","963.0","24","999.9"," 0","  5.5","24"," 12.0","999.9","  82.4"," ","  57.2"," "," 0.00","G","999.9","000000"
"95448099999","2025-05-06","-27.85","120.7","498.0","LEINSTER AERO, AS","  71.1","24","  44.9","24","1021.0","24","963.4","24","999.9"," 0","  6.5","24","  9.9","999.9","  80.4"," ","  58.3"," "," 0.00","G","999.9","000000"
"95448099999","2025-05-07","-27.85","120.7","498.0","LEINSTER AERO, AS","  68.0","24","  45.3","24","1022.1","24","964.4","24","999.9"," 0","  8.8","24"," 13.0","999.9","  82.0"," ","  54.0","*"," 0.00","G","999.9","000000"
"95448099999","2025-05-08","-27.85","120.7","498.0","LEINSTER AERO, AS","  68.4","24","  43.6","24","1021.8","24","964.1","24","999.9"," 0","  6.7","24"," 12.0","999.9","  83.7"," ","  53.1"," "," 0.00","G","999.9","000000"
"95448099999","2025-05-09","-27.85","120.7","498.0","LEINSTER AERO, AS","  69.6","24","  38.5","24","1020.8","24","963.2","24","999.9"," 0","  6.1","24"," 11.1","999.9","  85.1"," ","  55.2"," "," 0.00","G","999.9","000000"
"95448099999","2025-05-10","-27.85","120.7","498.0","LEINSTER AERO, AS","  69.9","24","  33.0","24","1019.1","24","961.6","24","999.9"," 0","  5.9","24"," 11.1","999.9","  84.4"," ","  51.6","*"," 0.00","G","999.9","000000"
"95448099999","2025-05-11","-27.85","120.7","498.0","LEINSTER AERO, AS","  68.3","23","  29.3","23","1019.6","23","962.1","23","999.9"," 0","  5.6","23","  8.9","999.9","  82.8","*","  51.4"," "," 0.00","G","999.9","000000"
"95448099999","2025-05-12","-27.85","120.7","498.0","LEINSTER AERO, AS","  66.2","23","  22.3","23","1020.9","23","963.3","23","999.9"," 0","  6.0","23","  8.9","999.9","  81.5"," ","  48.6","*"," 0.00","G","999.9","000000"
"95448099999","2025-05-13","-27.85","120.7","498.0","LEINSTER AERO, AS","  66.8","24","  24.4","24","1023.4","24","965.6","24","999.9"," 0","  6.8","24"," 12.0","999.9","  80.6"," ","  46.0"," "," 0.00","G","999.9","000000"
"95448099999","2025-05-14","-27.85","120.7","498.0","LEINSTER AERO, AS","  64.2","24","  36.9","24","1025.1","24","967.3","24","999.9"," 0","  7.7","24"," 13.0","999.9","  78.1"," ","  50.9","*"," 0.00","G","999.9","000000"
"95448099999","2025-05-15","-27.85","120.7","498.0","LEINSTER AERO, AS","  60.6","24","  43.0","24","1023.5","24","965.7","24","999.9"," 0","  6.5","24","  9.9","999.9","  73.6"," ","  48.9","*"," 0.00","G","999.9","000000"
"95448099999","2025-05-16","-27.85","120.7","498.0","LEINSTER AERO, AS","  58.8","24","  39.4","24","1023.3","24","965.6","24","999.9"," 0","  6.2","24","  9.9","999.9","  71.2"," ","  46.8","*"," 0.00","G","999.9","000000"
"95448099999","2025-05-17","-27.85","120.7","498.0","LEINSTER AERO, AS","  59.2","24","  36.6","24","1024.5","24","966.7","24","999.9"," 0","  7.6","24"," 12.0","999.9","  72.7"," ","  45.7"," "," 0.00","G","999.9","000000"
"95448099999","2025-05-18","-27.85","120.7","498.0","LEINSTER AERO, AS","  58.3","24","  34.6","24","1023.4","24","965.6","24","999.9"," 0","  6.1","24"," 12.0","999.9","  73.6"," ","  42.8","*"," 0.00","G","999.9","000000"
"95448099999","2025-05-19","-27.85","120.7","498.0","LEINSTER AERO, AS","  60.5","24","  32.3","24","1022.0","24","964.3","24","999.9"," 0","  5.0","24","  9.9","999.9","  75.7"," ","  41.0"," "," 0.00","G","999.9","000000"
"95448099999","2025-05-20","-27.85","120.7","498.0","LEINSTER AERO, AS","  60.8","24","  36.7","24","1024.9","24","967.0","24","999.9"," 0","  7.7","24"," 13.0","999.9","  73.4"," ","  45.0","*"," 0.00","G","999.9","000000"
"95448099999","2025-05-21","-27.85","120.7","498.0","LEINSTER AERO, AS","  56.2","24","  33.9","24","1023.6","24","965.8","24","999.9"," 0","  7.0","24"," 11.1","999.9","  71.1"," ","  38.7","*"," 0.00","G","999.9","000000"
"95448099999","2025-05-22","-27.85","120.7","498.0","LEINSTER AERO, AS","  59.3","24","  14.2","24","1016.5","24","959.1","24","999.9"," 0","  5.4","24","  8.9","999.9","  75.4"," ","  37.4"," "," 0.00","G","999.9","000000"
"95448099999","2025-05-23","-27.85","120.7","498.0","LEINSTER AERO, AS","  59.9","24","  28.4","24","1013.5","24","956.3","24","999.9"," 0","  8.1","24"," 14.0","999.9","  74.8"," ","  43.9","*"," 0.00","G","999.9","000000"
"95448099999","2025-05-24","-27.85","120.7","498.0","LEINSTER AERO, AS","  51.7","24","  31.1","24","1014.5","24","957.3","24","999.9"," 0","  4.0","24","  7.0","999.9","  64.9"," ","  39.6","*"," 0.00","G","999.9","000000"
"95448099999","2025-05-25","-27.85","120.7","498.0","LEINSTER AERO, AS","  54.8","24","  30.5","24","1015.8","24","958.5","24","999.9"," 0","  5.4","24"," 11.1","999.9","  67.1"," ","  39.4"," "," 0.00","G","999.9","000000"
"95448099999","2025-05-26","-27.85","120.7","498.0","LEINSTER AERO, AS","  55.6","23","  36.9","23","1019.5","23","961.9","23","999.9"," 0","  6.9","23","  9.9","999.9","  66.6","*","  41.4","*"," 0.00","G","999.9","000000"
"95448099999","2025-05-27","-27.85","120.7","498.0","LEINSTER AERO, AS","  53.9","22","  35.7","22","1020.4","22","962.8","22","999.9"," 0","  8.5","22"," 15.0","999.9","  68.2"," ","  41.2"," "," 0.00","G","999.9","000000"
"95448099999","2025-05-28","-27.85","120.7","498.0","LEINSTER AERO, AS","  57.3","24","  37.0","24","1020.7","24","963.1","24","999.9"," 0","  6.9","24"," 12.0","999.9","  71.4"," ","  41.5"," "," 0.00","G","999.9","000000"
"95448099999","2025-05-29","-27.85","120.7","498.0","LEINSTER AERO, AS","  61.5","24","  43.7","24","1020.2","24","962.6","24","999.9"," 0","  9.2","24"," 15.0","999.9","  73.0"," ","  46.4"," "," 0.00","G","999.9","000000"
"95448099999","2025-05-30","-27.85","120.7","498.0","LEINSTER AERO, AS","  66.1","24","  46.8","24","1017.3","24","959.9","24","999.9"," 0","  9.1","24"," 15.9","999.9","  75.0"," ","  53.2"," "," 0.00","G","999.9","000000"
"95448099999","2025-05-31","-27.85","120.7","498.0","LEINSTER AERO, AS","  63.9","24","  49.9","24","1016.6","24","959.2","24","999.9"," 0","  5.5","24"," 12.0","999.9","  78.1"," ","  53.6","*"," 0.01","G","999.9","010000"
"95448099999","2025-06-01","-27.85","120.7","498.0","LEINSTER AERO, AS","  65.9","24","  48.6","24","1016.5","24","958.4","24","999.9"," 0","  3.9","24","  7.0","999.9","  76.3"," ","  52.0"," "," 0.01","G","999.9","000000"
"95448099999","2025-06-02","-27.85","120.7","498.0","LEINSTER AERO, AS","  71.8","23","  43.2","23","1012.6","23","954.7","23","999.9"," 0","  8.2","23"," 14.0","999.9","  82.6"," ","  54.0"," "," 0.00","G","999.9","010000"
"95448099999","2025-06-03","-27.85","120.7","498.0","LEINSTER AERO, AS","  67.7","24","  55.8","24","1011.5","24","953.7","24","999.9"," 0","  9.0","24"," 17.1","999.9","  79.3"," ","  61.5","*"," 0.00","G","999.9","010000"
"95448099999","2025-06-04","-27.85","120.7","498.0","LEINSTER AERO, AS","  62.7","24","  56.8","24","1012.6","24","954.8","24","999.9"," 0","  8.2","24"," 13.0","999.9","  72.5"," ","  55.0","*"," 0.31","G","999.9","010000"
"95448099999","2025-06-05","-27.85","120.7","498.0","LEINSTER AERO, AS","  56.2","24","  50.0","24","1019.1","24","960.9","24","999.9"," 0","  6.4","24"," 13.0","999.9","  66.4"," ","  44.2","*"," 0.00","G","999.9","000000"
"95448099999","2025-06-06","-27.85","120.7","498.0","LEINSTER AERO, AS","  54.4","24","  44.6","24","1024.3","24","965.8","24","999.9"," 0","  5.9","24","  9.9","999.9","  66.9"," ","  41.4","*"," 0.00","G","999.9","010000"
"95448099999","2025-06-07","-27.85","120.7","498.0","LEINSTER AERO, AS","  54.3","24","  40.3","24","1025.9","24","967.3","24","999.9"," 0","  5.2","24","  8.9","999.9","  67.1"," ","  40.6","*"," 0.01","G","999.9","000000"
"95448099999","2025-06-08","-27.85","120.7","498.0","LEINSTER AERO, AS","  55.4","19","  37.9","19","1024.1","19","965.6","19","999.9"," 0","  5.6","19","  9.9","999.9","  69.4","*","  38.7","*"," 0.00","G","999.9","000000"
"95448099999","2025-06-09","-27.85","120.7","498.0","LEINSTER AERO, AS","  55.4","22","  35.7","22","1020.4","22","962.2","22","999.9"," 0","  5.4","22"," 11.1","999.9","  68.7"," ","  45.5","*"," 0.00","C","999.9","000000"
"95448099999","2025-06-10","-27.85","120.7","498.0","LEINSTER AERO, AS","  57.8","24","  33.6","24","1017.6","24","959.4","24","999.9"," 0","  7.0","24"," 11.1","999.9","  70.2"," ","  43.5"," "," 0.00","G","999.9","000000"
"95448099999","2025-06-11","-27.85","120.7","498.0","LEINSTER AERO, AS","  50.8","21","  33.6","21","1021.8","21","963.4","21","999.9"," 0","  5.1","21"," 11.1","999.9","  61.2"," ","  40.1","*"," 0.00","G","999.9","000000"
"95448099999","2025-06-12","-27.85","120.7","498.0","LEINSTER AERO, AS","  57.7","21","  33.5","21","1022.9","21","964.5","21","999.9"," 0","  6.3","21"," 11.1","999.9","  66.7"," ","  52.3","*"," 0.00","C","999.9","000000"
"95448099999","2025-06-13","-27.85","120.7","498.0","LEINSTER AERO, AS","  56.4","24","  31.3","24","1022.2","24","963.8","24","999.9"," 0","  3.5","24","  8.0","999.9","  71.6"," ","  42.8","*"," 0.00","G","999.9","000000"
"95448099999","2025-06-14","-27.85","120.7","498.0","LEINSTER AERO, AS","  56.5","24","  34.4","24","1020.6","24","962.3","24","999.9"," 0","  3.8","24","  9.9","999.9","  71.1"," ","  41.5"," "," 0.00","G","999.9","000000"
"95448099999","2025-06-15","-27.85","120.7","498.0","LEINSTER AERO, AS","  56.0","21","  34.1","21","1020.4","21","962.2","21","999.9"," 0","  3.1","21","  7.0","999.9","  71.8","*","  43.0","*"," 0.00","B","999.9","000000"
"95448099999","2025-06-16","-27.85","120.7","498.0","LEINSTER AERO, AS","  60.1","23","  32.3","23","1021.2","23","962.9","23","999.9"," 0","  5.2","23","  8.0","999.9","  74.5"," ","  44.8","*"," 0.00","C","999.9","000000"
"95448099999","2025-06-17","-27.85","120.7","498.0","LEINSTER AERO, AS","  65.2","24","  22.0","24","1017.5","24","959.4","24","999.9"," 0","  9.5","24"," 13.0","999.9","  78.4"," ","  44.4"," "," 0.00","G","999.9","000000"
"95448099999","2025-06-18","-27.85","120.7","498.0","LEINSTER AERO, AS","  67.8","24","  34.1","24","1014.3","24","956.4","24","999.9"," 0","  9.0","24"," 19.0","999.9","  79.0"," ","  52.0"," "," 0.00","G","999.9","010000"
"95448099999","2025-06-19","-27.85","120.7","498.0","LEINSTER AERO, AS","  60.9","24","  50.3","24","1015.8","24","957.8","24","999.9"," 0","  6.2","24"," 13.0","999.9","  72.0"," ","  50.0","*"," 0.01","C","999.9","010000"
"95448099999","2025-06-20","-27.85","120.7","498.0","LEINSTER AERO, AS","  68.7","24","  46.5","24","1013.2","24","955.3","24","999.9"," 0","  9.6","24"," 20.0","999.9","  79.3"," ","  49.8"," "," 0.00","H","999.9","010000"
"95448099999","2025-06-21","-27.85","120.7","498.0","LEINSTER AERO, AS","  51.7","23","  42.0","23","1017.2","23","959.1","23","999.9"," 0"," 10.6","23"," 19.0","999.9","  71.2"," ","  41.2","*"," 0.17","G","999.9","000000"
"95448099999","2025-06-22","-27.85","120.7","498.0","LEINSTER AERO, AS","  50.8","24","  43.5","24","1021.6","24","963.2","24","999.9"," 0","  8.2","24"," 13.0","999.9","  58.6"," ","  40.6"," "," 0.01","G","999.9","000000"
"95448099999","2025-06-23","-27.85","120.7","498.0","LEINSTER AERO, AS","  50.4","24","  37.5","24","1024.5","24","966.0","24","999.9"," 0","  8.7","24"," 14.0","999.9","  59.9"," ","  40.8","*"," 0.00","G","999.9","000000"
"95448099999","2025-06-24","-27.85","120.7","498.0","LEINSTER AERO, AS","  49.1","24","  39.9","24","1027.3","24","968.6","24","999.9"," 0","  6.4","24"," 12.0","999.9","  61.2"," ","  38.5","*"," 0.00","G","999.9","000000"
"95448099999","2025-06-25","-27.85","120.7","498.0","LEINSTER AERO, AS","  51.1","24","  37.5","24","1027.2","24","968.6","24","999.9"," 0","  5.8","24"," 11.1","999.9","  64.8"," ","  37.2"," "," 0.00","G","999.9","000000"
"95448099999","2025-06-26","-27.85","120.7","498.0","LEINSTER AERO, AS","  52.7","24","  37.8","24","1027.3","24","968.6","24","999.9"," 0","  4.9","24","  8.0","999.9","  66.6"," ","  36.1"," "," 0.00","G","999.9","000000"
"95448099999","2025-06-27","-27.85","120.7","498.0","LEINSTER AERO, AS","  54.6","24","  36.5","24","1028.2","24","969.5","24","999.9"," 0","  6.3","24","  9.9","999.9","  69.1"," ","  38.5"," "," 0.00","G","999.9","000000"
"95448099999","2025-06-28","-27.85","120.7","498.0","LEINSTER AERO, AS","  53.1","24","  36.8","24","1028.2","24","969.5","24","999.9"," 0","  7.0","24","  9.9","999.9","  66.7"," ","  40.8"," "," 0.00","G","999.9","000000"
"95448099999","2025-06-29","-27.85","120.7","498.0","LEINSTER AERO, AS","  55.4","24","  34.6","24","1025.0","24","966.5","24","999.9"," 0","  7.7","24"," 15.0","999.9","  65.3"," ","  41.2"," "," 0.00","G","999.9","000000"
"95448099999","2025-06-30","-27.85","120.7","498.0","LEINSTER AERO, AS","  59.1","24","  24.8","24","1022.5","24","964.1","24","999.9"," 0","  7.6","24"," 15.0","999.9","  72.0"," ","  41.4","*"," 0.00","G","999.9","000000"
"95448099999","2025-07-01","-27.85","120.7","498.0","LEINSTER AERO, AS","  59.0","24","  23.2","24","1021.1","24","962.6","24","999.9"," 0","  4.8","24","  8.9","999.9","  73.6"," ","  40.6"," "," 0.00","G","999.9","000000"
"95448099999","2025-07-02","-27.85","120.7","498.0","LEINSTER AERO, AS","  59.1","24","  22.2","24","1016.1","24","957.9","24","999.9"," 0","  4.3","24","  8.0","999.9","  71.8"," ","  41.5"," "," 0.00","G","999.9","000000"
"95448099999","2025-07-03","-27.85","120.7","498.0","LEINSTER AERO, AS","  56.4","23","  43.7","23","1012.9","23","954.9","23","999.9"," 0","  8.5","23"," 20.0","999.9","  69.1"," ","  48.4"," "," 0.00","G","999.9","010000"
"95448099999","2025-07-04","-27.85","120.7","498.0","LEINSTER AERO, AS","  51.0","24","  40.1","24","1019.5","24","961.1","24","999.9"," 0","  6.9","24"," 14.0","999.9","  64.0"," ","  37.9","*"," 0.00","G","999.9","000000"
"95448099999","2025-07-05","-27.85","120.7","498.0","LEINSTER AERO, AS","  54.5","24","  34.2","24","1020.6","24","962.2","24","999.9"," 0","  6.9","24"," 11.1","999.9","  66.2"," ","  37.4"," "," 0.00","G","999.9","000000"
"95448099999","2025-07-06","-27.85","120.7","498.0","LEINSTER AERO, AS","  60.7","24","  28.5","24","1017.8","24","959.5","24","999.9"," 0","  9.9","24"," 15.9","999.9","  74.3"," ","  45.1"," "," 0.00","G","999.9","000000"
"95448099999","2025-07-07","-27.85","120.7","498.0","LEINSTER AERO, AS","  57.7","24","  44.9","24","1017.2","24","958.9","24","999.9"," 0"," 12.7","24"," 21.0","999.9","  76.5"," ","  41.0","*"," 0.00","G","999.9","010000"
"95448099999","2025-07-08","-27.85","120.7","498.0","LEINSTER AERO, AS","  47.9","24","  35.5","24","1022.3","24","963.8","24","999.9"," 0","  7.0","24","  9.9","999.9","  56.7"," ","  41.0"," "," 0.02","G","999.9","000000"
"95448099999","2025-07-09","-27.85","120.7","498.0","LEINSTER AERO, AS","  48.9","24","  35.8","24","1023.8","24","965.2","24","999.9"," 0","  7.8","24"," 15.0","999.9","  60.3"," ","  36.7","*"," 0.00","G","999.9","000000"
"95448099999","2025-07-10","-27.85","120.7","498.0","LEINSTER AERO, AS","  50.8","24","  27.9","24","1022.3","24","963.7","24","999.9"," 0","  6.4","24","  9.9","999.9","  64.9"," ","  36.3"," "," 0.00","G","999.9","000000"
"95448099999","2025-07-11","-27.85","120.7","498.0","LEINSTER AERO, AS","  57.2","24","  22.1","24","1017.6","24","959.3","24","999.9"," 0","  8.5","24"," 15.9","999.9","  70.7"," ","  37.0"," "," 0.00","G","999.9","000000"
"95448099999","2025-07-12","-27.85","120.7","498.0","LEINSTER AERO, AS","  62.6","24","  28.1","24","1017.1","24","958.9","24","999.9"," 0","  7.2","24"," 15.9","999.9","  78.6"," ","  43.3"," "," 0.00","G","999.9","000000"
"95448099999","2025-07-13","-27.85","120.7","498.0","LEINSTER AERO, AS","  64.2","24","  42.3","24","1017.6","24","959.3","24","999.9"," 0","  4.0","24","  7.0","999.9","  74.1"," ","  49.1"," "," 0.00","G","999.9","000000"
"95448099999","2025-07-14","-27.85","120.7","498.0","LEINSTER AERO, AS","  50.6","21","  43.5","21","1020.4","21","962.0","21","999.9"," 0","  8.6","21"," 19.0","999.9","  64.9"," ","  38.5","*"," 0.00","C","999.9","000000"
"95448099999","2025-07-15","-27.85","120.7","498.0","LEINSTER AERO, AS","  48.0","24","  26.7","24","1021.6","24","963.1","24","999.9"," 0","  4.2","24"," 11.1","999.9","  63.9"," ","  35.6","*"," 0.00","G","999.9","000000"
"95448099999","2025-07-16","-27.85","120.7","498.0","LEINSTER AERO, AS","  51.8","24","  33.4","24","1021.8","24","963.3","24","999.9"," 0","  5.1","24","  9.9","999.9","  63.7"," ","  34.5"," "," 0.00","G","999.9","000000"
"95448099999","2025-07-17","-27.85","120.7","498.0","LEINSTER AERO, AS","  51.4","24","  35.6","24","1021.0","24","962.5","24","999.9"," 0","  5.4","24"," 12.0","999.9","  65.8"," ","  37.2","*"," 0.00","G","999.9","000000"
"95448099999","2025-07-18","-27.85","120.7","498.0","LEINSTER AERO, AS","  51.5","24","  30.5","24","1018.3","24","960.0","24","999.9"," 0","  3.3","24","  7.0","999.9","  66.0"," ","  36.7"," "," 0.00","G","999.9","000000"
"95448099999","2025-07-19","-27.85","120.7","498.0","LEINSTER AERO, AS","  53.6","24","  26.0","24","1015.2","24","957.1","24","999.9"," 0","  4.9","24","  8.9","999.9","  67.5"," ","  37.2"," "," 0.00","G","999.9","000000"
"95448099999","2025-07-20","-27.85","120.7","498.0","LEINSTER AERO, AS","  61.3","24","  29.2","24","1007.7","24","950.0","24","999.9"," 0"," 13.4","24"," 19.0","999.9","  75.2"," ","  40.6"," "," 0.00","G","999.9","010000"
"95448099999","2025-07-21","-27.85","120.7","498.0","LEINSTER AERO, AS","  43.9","24","  29.9","24","1017.6","24","959.3","24","999.9"," 0","  7.2","24"," 17.1","999.9","  63.9"," ","  33.8","*"," 0.13","G","999.9","000000"
"95448099999","2025-07-22","-27.85","120.7","498.0","LEINSTER AERO, AS","  49.5","24","  28.2","24","1015.8","24","957.6","24","999.9"," 0","  5.1","24","  8.0","999.9","  59.7"," ","  32.0"," "," 0.00","G","999.9","000000"
"95448099999","2025-07-23","-27.85","120.7","498.0","LEINSTER AERO, AS","  53.7","24","  36.6","24","1006.8","24","949.2","24","999.9"," 0","  9.5","24"," 14.0","999.9","  62.2"," ","  39.6"," "," 0.00","G","999.9","010000"
"95448099999","2025-07-24","-27.85","120.7","498.0","LEINSTER AERO, AS","  46.3","24","  41.1","24","1009.0","24","951.2","24","999.9"," 0"," 11.9","24"," 18.1","999.9","  56.7"," ","  36.5","*"," 0.45","G","999.9","010000"
"95448099999","2025-07-25","-27.85","120.7","498.0","LEINSTER AERO, AS","  42.6","24","  35.6","24","1020.4","24","962.0","24","999.9"," 0","  4.5","24"," 11.1","999.9","  51.4"," ","  34.5","*"," 0.02","G","999.9","010000"
"95448099999","2025-07-26","-27.85","120.7","498.0","LEINSTER AERO, AS","  46.9","24","  35.6","24","1020.1","24","961.7","24","999.9"," 0","  6.4","24"," 11.1","999.9","  57.0"," ","  34.2"," "," 0.01","G","999.9","000000"
"95448099999","2025-07-27","-27.85","120.7","498.0","LEINSTER AERO, AS","  52.3","24","  37.4","24","1010.8","24","952.9","24","999.9"," 0"," 11.0","24"," 15.9","999.9","  62.6"," ","  39.6"," "," 0.00","G","999.9","010000"
"95448099999","2025-07-28","-27.85","120.7","498.0","LEINSTER AERO, AS","  45.2","23","  36.9","23","1015.7","23","957.5","23","999.9"," 0"," 10.9","23"," 18.1","999.9","  58.6"," ","  36.7","*"," 0.06","G","999.9","010000"
"95448099999","2025-07-29","-27.85","120.7","498.0","LEINSTER AERO, AS","  45.3","21","  39.3","21","1022.0","21","963.4","21","999.9"," 0","  6.5","21"," 11.1","999.9","  53.4"," ","  36.3"," "," 0.01","G","999.9","000000"
"95448099999","2025-07-30","-27.85","120.7","498.0","LEINSTER AERO, AS","  49.8","24","  41.4","24","1026.0","24","967.2","24","999.9"," 0","  6.8","24"," 11.1","999.9","  60.8"," ","  40.5"," "," 0.00","G","999.9","000000"
"95448099999","2025-07-31","-27.85","120.7","498.0","LEINSTER AERO, AS","  49.5","24","  36.0","24","1026.3","24","967.6","24","999.9"," 0","  6.8","24"," 11.1","999.9","  62.4"," ","  37.8","*"," 0.00","G","999.9","000000"
"95448099999","2025-08-01","-27.85","120.7","498.0","LEINSTER AERO, AS","  54.1","24","  30.2","24","1020.5","24","962.5","24","999.9"," 0","  9.9","24"," 14.0","999.9","  65.8"," ","  36.5"," "," 0.01","G","999.9","000000"
"95448099999","2025-08-02","-27.85","120.7","498.0","LEINSTER AERO, AS","  64.1","24","  29.0","24","1012.2","24","954.6","24","999.9"," 0"," 12.2","24"," 18.1","999.9","  72.7"," ","  45.5"," "," 0.00","G","999.9","010000"
"95448099999","2025-08-03","-27.85","120.7","498.0","LEINSTER AERO, AS","  54.0","24","  46.2","24","1013.4","24","955.8","24","999.9"," 0"," 12.1","24"," 20.0","999.9","  66.2"," ","  41.4","*"," 0.08","G","999.9","010000"
"95448099999","2025-08-04","-27.85","120.7","498.0","LEINSTER AERO, AS","  48.7","24","  38.3","24","1019.5","24","961.5","24","999.9"," 0","  4.1","24"," 11.1","999.9","  59.7"," ","  37.2","*"," 0.03","G","999.9","010000"
"95448099999","2025-08-05","-27.85","120.7","498.0","LEINSTER AERO, AS","  51.7","23","  36.3","23","1020.7","23","962.7","23","999.9"," 0","  4.3","23","  7.0","999.9","  63.9"," ","  37.2"," "," 0.01","G","999.9","000000"
"95448099999","2025-08-06","-27.85","120.7","498.0","LEINSTER AERO, AS","  53.1","24","  34.1","24","1021.2","24","963.2","24","999.9"," 0","  6.1","24"," 12.0","999.9","  65.8"," ","  39.9"," "," 0.00","G","999.9","000000"
"95448099999","2025-08-07","-27.85","120.7","498.0","LEINSTER AERO, AS","  54.6","24","  30.9","24","1021.1","24","963.0","24","999.9"," 0","  6.7","24"," 11.1","999.9","  69.1"," ","  39.6"," "," 0.00","G","999.9","000000"
"95448099999","2025-08-08","-27.85","120.7","498.0","LEINSTER AERO, AS","  59.7","24","  36.6","24","1019.4","24","961.5","24","999.9"," 0","  5.6","24"," 13.0","999.9","  73.6"," ","  43.9"," "," 0.00","G","999.9","000000"
"95448099999","2025-08-09","-27.85","120.7","498.0","LEINSTER AERO, AS","  68.0","24","  40.0","24","1015.1","24","957.4","24","999.9"," 0","  7.8","24"," 13.0","999.9","  80.2"," ","  44.1"," "," 0.00","G","999.9","000000"
"95448099999","2025-08-10","-27.85","120.7","498.0","LEINSTER AERO, AS","  60.1","24","  50.5","24","1016.2","24","958.4","24","999.9"," 0","  7.4","24"," 13.0","999.9","  75.6"," ","  45.5","*"," 0.00","G","999.9","000000"
"95448099999","2025-08-11","-27.85","120.7","498.0","LEINSTER AERO, AS","  56.8","24","  35.7","24","1020.7","24","962.7","24","999.9"," 0","  6.3","24","  9.9","999.9","  71.2"," ","  43.5","*"," 0.00","G","999.9","000000"
"95448099999","2025-08-12","-27.85","120.7","498.0","LEINSTER AERO, AS","  60.6","24","  31.5","24","1021.3","24","963.3","24","999.9"," 0","  7.5","24"," 13.0","999.9","  76.3"," ","  42.6"," "," 0.00","G","999.9","000000"
"95448099999","2025-08-13","-27.85","120.7","498.0","LEINSTER AERO, AS","  74.0","24","  38.4","24","1017.7","24","959.9","24","999.9"," 0"," 11.3","24"," 15.9","999.9","  86.7"," ","  48.7"," "," 0.00","G","999.9","000000"
"95448099999","2025-08-14","-27.85","120.7","498.0","LEINSTER AERO, AS","  58.0","24","  38.7","24","1023.3","24","965.2","24","999.9"," 0","  9.4","24"," 15.0","999.9","  75.4"," ","  45.7","*"," 0.00","G","999.9","000000"
"95448099999","2025-08-15","-27.85","120.7","498.0","LEINSTER AERO, AS","  52.1","24","  27.5","24","1025.2","24","966.9","24","999.9"," 0","  7.3","24"," 13.0","999.9","  65.3"," ","  37.6","*"," 0.00","G","999.9","000000"
"95448099999","2025-08-16","-27.85","120.7","498.0","LEINSTER AERO, AS","  54.5","24","  20.9","24","1024.3","24","966.1","24","999.9"," 0","  7.0","24"," 12.0","999.9","  70.9"," ","  36.7"," "," 0.00","G","999.9","000000"
"95448099999","2025-08-17","-27.85","120.7","498.0","LEINSTER AERO, AS","  61.2","24","  18.0","24","1023.4","24","965.2","24","999.9"," 0","  7.5","24"," 12.0","999.9","  74.1"," ","  40.1"," "," 0.00","G","999.9","000000"
"95448099999","2025-08-18","-27.85","120.7","498.0","LEINSTER AERO, AS","  67.9","24","  18.5","24","1019.1","24","961.2","24","999.9"," 0"," 10.3","24"," 15.9","999.9","  80.1"," ","  49.5"," "," 0.00","G","999.9","000000"
"95448099999","2025-08-19","-27.85","120.7","498.0","LEINSTER AERO, AS","  70.6","24","  25.3","24","1012.4","24","954.9","24","999.9"," 0"," 11.0","24"," 18.1","999.9","  84.4"," ","  58.1"," "," 0.00","G","999.9","000000"
"95448099999","2025-08-20","-27.85","120.7","498.0","LEINSTER AERO, AS","  61.9","24","  48.9","24","1012.7","24","955.1","24","999.9"," 0"," 10.2","24"," 20.0","999.9","  78.1"," ","  53.6","*"," 0.00","G","999.9","010000"
"95448099999","2025-08-21","-27.85","120.7","498.0","LEINSTER AERO, AS","  56.3","24","  46.1","24","1018.0","24","960.2","24","999.9"," 0","  4.3","24","  8.0","999.9","  67.5"," ","  46.8","*"," 0.28","G","999.9","000000"
"95448099999","2025-08-22","-27.85","120.7","498.0","LEINSTER AERO, AS","  63.2","24","  43.9","24","1017.7","24","959.8","24","999.9"," 0","  5.0","24","  8.9","999.9","  72.3"," ","  45.9"," "," 0.01","G","999.9","010000"
"95448099999","2025-08-23","-27.85","120.7","498.0","LEINSTER AERO, AS","  58.2","24","  56.6","24","1011.0","24","953.5","24","999.9"," 0"," 12.2","24"," 17.1","999.9","  64.4"," ","  53.6","*"," 0.09","G","999.9","010000"
"95448099999","2025-08-24","-27.85","120.7","498.0","LEINSTER AERO, AS","  60.4","20","  45.6","20","1006.9","20","949.7","20","999.9"," 0"," 13.0","20"," 19.0","999.9","  68.4"," ","  50.5","*"," 0.20","G","999.9","010000"
